11010,'11010','Centrale',45.500002,-73.566668,1,46759983
11150,'11150','Lucien-L''Allier',45.494771,-73.570807,0,46761068
11160,'11160','Vendôme',45.473771,-73.603101,0,46761099
11170,'11170','Montréal-O',45.453681,-73.64174,0,46761130
11180,'11180','Lachine',45.448687,-73.711325,0,46761161
11190,'11190','Dorval',45.449209,-73.74311,0,46761192
11200,'11200','Pine Beach',45.449603,-73.764257,0,46761874
11210,'11210','Valois',45.449754,-73.790874,0,46761905
11220,'11220','Pte-Claire',45.447256,-73.803441,0,46761936
11230,'11230','Cedar Park',45.442424,-73.81988,0,46761967
11240,'11240','Beaconsfield',45.434983,-73.847393,0,46761998
11250,'11250','Beaurepaire',45.427404,-73.887258,0,46762029
11260,'11260','Baie-D''Urfé',45.419916,-73.915559,0,46762060
11270,'11270','Ste-Anne-De-Bellevue',45.407615,-73.951215,0,46762091
11280,'11280','Île-Perrot',45.395932,-73.965426,0,46762122
11290,'11290','Pincourt',45.387182,-73.992274,0,46762153
11300,'11300','Dorion',45.3864,-74.008255,0,46762835
11310,'11310','Vaudreuil',45.399009,-74.050558,0,46762866
11320,'11320','Hudson',45.459638,-74.140937,0,46762897
11350,'11350','Parc',45.531493,-73.62378,0,46762990
11355,'11355','Chabanel',45.537058,-73.658031,0,46762995
11360,'11360','Bois-De-Boulogne',45.540251,-73.676902,0,46763021
11365,'11365','Concorde',45.560288,-73.710104,0,46763026
11375,'11375','Vimont',45.603767,-73.74266,0,46763057
11380,'11380','Ste-Rose',45.625439,-73.764748,0,46763083
11390,'11390','Rosemère',45.634505,-73.79574,0,46763114
11400,'11400','Ste-Thérèse',45.636039,-73.83355,0,46763796
11410,'11410','Blainville',45.672427,-73.866162,0,46763827
11420,'11420','Mirabel',45.711707,-73.918555,0,46763858
11430,'11430','St-Jérôme',45.773188,-73.999119,0,46763889
11440,'11440','St-Lambert',45.499634,-73.505824,0,46763920
11450,'11450','Longueuil-St-Hubert',45.508145,-73.433824,0,46763951
11460,'11460','St-Bruno',45.512028,-73.374408,0,46763982
11470,'11470','St-Basile-Le-Grand',45.523306,-73.305923,0,46764013
11480,'11480','McMasterville',45.546052,-73.229775,0,46764044
11490,'11490','Mont-St-Hilaire',45.577198,-73.178501,0,46764075
11495,'11495','Canal',45.437645,-73.655887,0,46764080
11500,'11500','LaSalle',45.425218,-73.656978,0,46764757
11510,'11510','Ste-Catherine',45.382043,-73.600099,0,46764788
11520,'11520','St-Constant',45.373948,-73.570299,0,46764819
11530,'11530','Delson',45.366844,-73.540801,0,46764850
11540,'11540','Candiac',45.360923,-73.514848,0,46764881
11550,'11550','Ahuntsic',45.535026,-73.662662,1,46764912
11560,'11560','Sauvé',45.549408,-73.654339,1,46764943
11570,'11570','St-Michel-Montréal-N',45.582993,-73.630262,1,46764974
11580,'11580','St-Léonard-Montréal-N',45.600339,-73.615779,1,46765005
11590,'11590','Anjou',45.617867,-73.596659,1,46765036
11600,'11600','Riv-Des-Prairies',45.660661,-73.539166,1,46765718
11610,'11610','Pte-Aux-Trembles',45.674876,-73.505342,1,46765749
11630,'11630','Repentigny',45.734587,-73.486111,1,46765811
11640,'11640','Terrebonne',45.728495,-73.521187,1,46765842
11650,'11650','Mascouche',45.729587,-73.598495,1,46765873
