1011150,'','Lucien-L''Allier',45.494771,-73.570807,0,73688243
1011160,'','Vendôme',45.473771,-73.603101,0,73688212
1011170,'','Montréal-O',45.453681,-73.64174,0,73688181
1011355,'','Chabanel',45.537058,-73.658031,0,-2010632008
1011365,'','Concorde',45.560288,-73.710104,0,-2037415171
1011375,'','Vimont',45.603767,-73.74266,0,-2037415233
1011380,'','Ste-Rose',45.625439,-73.764748,0,72824335
1011390,'','Rosemère',45.634505,-73.79574,0,78163589
1011410,'','Blainville',45.672427,-73.866162,0,63280551
1011420,'','Mirabel',45.711707,-73.918555,0,73366246
1011430,'','St-Jérôme',45.773188,-73.999119,0,78932358
1011490,'','Mont-St-Hilaire',45.577198,-73.178501,0,73654546
1011495,'','Canal',45.437645,-73.655887,0,72254462
1011500,'','LaSalle',45.425218,-73.656978,0,72734869
1011510,'','Ste-Catherine',45.382043,-73.600099,0,78729618
1011520,'','St-Constant',45.373948,-73.570299,0,78729587
1011530,'','Delson',45.366844,-73.540801,0,64929627
1011540,'','Candiac',45.360923,-73.514848,0,63888864
1011550,'','Ahuntsic',45.535026,-73.662662,1,-2010630024
1011560,'','Sauvé',45.549408,-73.654339,1,-2010630055
1011570,'','St-Michel-Montréal-N',45.582993,-73.630262,1,-2010630086
1011580,'','St-Léonard-Montréal-N',45.600339,-73.615779,1,-2010630117
1011590,'','Anjou',45.617867,-73.596659,1,-2010630148
1011600,'','Riv-Des-Prairies',45.660661,-73.539166,1,-2010630179
1011610,'','Pte-Aux-Trembles',45.674876,-73.505342,1,-2010630210
1011630,'','Repentigny',45.734587,-73.486111,1,72312990
1011640,'','Terrebonne',45.728495,-73.521187,1,72260135
1011650,'','Mascouche',45.729587,-73.598495,1,73128879
2011010,'','Centrale',45.500002,-73.566668,1,73688306
2011180,'','Lachine',45.448687,-73.711325,0,72254370
2011190,'','Dorval',45.449209,-73.74311,0,65436106
2011200,'','Pine Beach',45.449603,-73.764257,0,65436075
2011210,'','Valois',45.449754,-73.790874,0,75952360
2011220,'','Pte-Claire',45.447256,-73.803441,0,75952329
2011230,'','Cedar Park',45.442424,-73.81988,0,75952298
2011240,'','Beaconsfield',45.434983,-73.847393,0,63072046
2011250,'','Beaurepaire',45.427404,-73.887258,0,63072015
2011260,'','Baie-D''Urfé',45.419916,-73.915559,0,63565008
2011270,'','Ste-Anne-De-Bellevue',45.407615,-73.951215,0,78653669
2011280,'','Île-Perrot',45.395932,-73.965426,0,72440804
2011290,'','Pincourt',45.387182,-73.992274,0,80201840
2011300,'','Dorion',45.3864,-74.008255,0,81442491
2011310,'','Vaudreuil',45.399009,-74.050558,0,81442708
2011320,'','Hudson',45.459638,-74.140937,0,69092680
2011350,'','Parc',45.531493,-73.62378,0,73688399
2011360,'','Bois-De-Boulogne',45.540251,-73.676902,0,73688368
2011400,'','Ste-Thérèse',45.636039,-73.83355,0,79235167
2011440,'','St-Lambert',45.499634,-73.505824,0,79229308
2011450,'','Longueuil-St-Hubert',45.508145,-73.433824,0,79225526
2011460,'','St-Bruno',45.512028,-73.374408,0,79219729
2011470,'','St-Basile-Le-Grand',45.523306,-73.305923,0,78682530
2011480,'','McMasterville',45.546052,-73.229775,0,73486372
3011150,'','Lucien-L''Allier',45.494771,-73.570807,0,73688245
3011160,'','Vendôme',45.473771,-73.603101,0,73688214
3011170,'','Montréal-O',45.453681,-73.64174,0,73688183
3011355,'','Chabanel',45.537058,-73.658031,0,-2010632006
3011365,'','Concorde',45.560288,-73.710104,0,-2037415169
3011375,'','Vimont',45.603767,-73.74266,0,-2037415231
3011380,'','Ste-Rose',45.625439,-73.764748,0,72824337
3011390,'','Rosemère',45.634505,-73.79574,0,78163591
3011410,'','Blainville',45.672427,-73.866162,0,63280553
3011420,'','Mirabel',45.711707,-73.918555,0,73366248
3011430,'','St-Jérôme',45.773188,-73.999119,0,78932360
3011490,'','Mont-St-Hilaire',45.577198,-73.178501,0,73654548
3011495,'','Canal',45.437645,-73.655887,0,72254464
3011500,'','LaSalle',45.425218,-73.656978,0,72734871
3011510,'','Ste-Catherine',45.382043,-73.600099,0,78729620
3011520,'','St-Constant',45.373948,-73.570299,0,78729589
3011530,'','Delson',45.366844,-73.540801,0,64929629
3011540,'','Candiac',45.360923,-73.514848,0,63888866
3011550,'','Ahuntsic',45.535026,-73.662662,1,-2010630022
3011560,'','Sauvé',45.549408,-73.654339,1,-2010630053
3011570,'','St-Michel-Montréal-N',45.582993,-73.630262,1,-2010630084
3011580,'','St-Léonard-Montréal-N',45.600339,-73.615779,1,-2010630115
3011590,'','Anjou',45.617867,-73.596659,1,-2010630146
3011600,'','Riv-Des-Prairies',45.660661,-73.539166,1,-2010630177
3011610,'','Pte-Aux-Trembles',45.674876,-73.505342,1,-2010630208
3011630,'','Repentigny',45.734587,-73.486111,1,72312992
3011640,'','Terrebonne',45.728495,-73.521187,1,72260137
3011650,'','Mascouche',45.729587,-73.598495,1,73128881
4011010,'','Centrale',45.500002,-73.566668,1,73688308
4011180,'','Lachine',45.448687,-73.711325,0,72254372
4011190,'','Dorval',45.449209,-73.74311,0,65436108
4011200,'','Pine Beach',45.449603,-73.764257,0,65436077
4011210,'','Valois',45.449754,-73.790874,0,75952362
4011220,'','Pte-Claire',45.447256,-73.803441,0,75952331
4011230,'','Cedar Park',45.442424,-73.81988,0,75952300
4011240,'','Beaconsfield',45.434983,-73.847393,0,63072048
4011250,'','Beaurepaire',45.427404,-73.887258,0,63072017
4011260,'','Baie-D''Urfé',45.419916,-73.915559,0,63565010
4011270,'','Ste-Anne-De-Bellevue',45.407615,-73.951215,0,78653671
4011280,'','Île-Perrot',45.395932,-73.965426,0,72440806
4011290,'','Pincourt',45.387182,-73.992274,0,80201842
4011300,'','Dorion',45.3864,-74.008255,0,81442493
4011310,'','Vaudreuil',45.399009,-74.050558,0,81442710
4011320,'','Hudson',45.459638,-74.140937,0,69092682
4011350,'','Parc',45.531493,-73.62378,0,73688401
4011360,'','Bois-De-Boulogne',45.540251,-73.676902,0,73688370
4011400,'','Ste-Thérèse',45.636039,-73.83355,0,79235169
4011440,'','St-Lambert',45.499634,-73.505824,0,79229310
4011450,'','Longueuil-St-Hubert',45.508145,-73.433824,0,79225528
4011460,'','St-Bruno',45.512028,-73.374408,0,79219731
4011470,'','St-Basile-Le-Grand',45.523306,-73.305923,0,78682532
4011480,'','McMasterville',45.546052,-73.229775,0,73486374
