1100,11320,1,0
1100,11310,2,0
1100,11300,3,0
1100,11290,4,0
1100,11280,5,0
1100,11270,6,0
1100,11260,7,0
1100,11250,8,0
1100,11240,9,0
1100,11230,10,0
1100,11220,11,0
1100,11210,12,0
1100,11200,13,0
1100,11190,14,0
1100,11180,15,0
1100,11170,16,0
1100,11160,17,0
1100,11150,18,1
1101,11150,1,0
1101,11160,2,0
1101,11170,3,0
1101,11180,4,0
1101,11190,5,0
1101,11200,6,0
1101,11210,7,0
1101,11220,8,0
1101,11230,9,0
1101,11240,10,0
1101,11250,11,0
1101,11260,12,0
1101,11270,13,0
1101,11280,14,0
1101,11290,15,0
1101,11300,16,0
1101,11310,17,0
1101,11320,18,1
1200,11430,1,0
1200,11420,2,0
1200,11410,3,0
1200,11400,4,0
1200,11390,5,0
1200,11380,6,0
1200,11375,7,0
1200,11365,8,0
1200,11360,9,0
1200,11355,10,0
1200,11350,11,0
1200,11170,12,0
1200,11160,13,0
1200,11150,14,1
1201,11150,1,0
1201,11160,2,0
1201,11170,3,0
1201,11350,4,0
1201,11355,5,0
1201,11360,6,0
1201,11365,7,0
1201,11375,8,0
1201,11380,9,0
1201,11390,10,0
1201,11400,11,0
1201,11410,12,0
1201,11420,13,0
1201,11430,14,1
1300,11490,1,0
1300,11480,2,0
1300,11470,3,0
1300,11460,4,0
1300,11450,5,0
1300,11440,6,0
1300,11010,7,1
1301,11010,1,0
1301,11440,2,0
1301,11450,3,0
1301,11460,4,0
1301,11470,5,0
1301,11480,6,0
1301,11490,7,1
1400,11540,1,0
1400,11530,2,0
1400,11520,3,0
1400,11510,4,0
1400,11500,5,0
1400,11495,6,0
1400,11170,7,0
1400,11160,8,0
1400,11150,9,1
1401,11150,1,0
1401,11160,2,0
1401,11170,3,0
1401,11495,4,0
1401,11500,5,0
1401,11510,6,0
1401,11520,7,0
1401,11530,8,0
1401,11540,9,1
1500,11650,1,0
1500,11640,2,0
1500,11630,3,0
1500,11610,4,0
1500,11600,5,0
1500,11590,6,0
1500,11580,7,0
1500,11570,8,0
1500,11560,9,0
1500,11550,10,0
1500,11010,11,1
1501,11010,1,0
1501,11550,2,0
1501,11560,3,0
1501,11570,4,0
1501,11580,5,0
1501,11590,6,0
1501,11600,7,0
1501,11610,8,0
1501,11630,9,0
1501,11640,10,0
1501,11650,11,1
