'TRAIN-A23-Blocks-Dimanche-03',1100,123000,4,'',0,40000,4,'',0,31500,4,'',0
'TRAIN-A23-Blocks-Dimanche-03',1101,133000,0,'Vaudreuil',0,40000,0,'Vaudreuil',0,27000,0,'Vaudreuil',0
'TRAIN-A23-Blocks-Fête-1-03',1100,123000,4,'',0,40000,4,'',0,31500,4,'',0
'TRAIN-A23-Blocks-Fête-1-03',1101,133000,0,'Vaudreuil',0,40000,0,'Vaudreuil',0,27000,0,'Vaudreuil',0
'TRAIN-A23-Blocks-Samedi-03',1100,90000,4,'',0,30000,4,'',0,50000,4,'',0,30000,4,'',0
'TRAIN-A23-Blocks-Samedi-03',1101,93000,0,'Vaudreuil',0,40000,0,'Vaudreuil',0,40000,0,'Vaudreuil',0,50000,0,'Vaudreuil',0
'TRAIN-A23-Blocks-Semaine-09',1100,64900,4,'',0,8000,4,'',0,2200,4,'',0,5100,4,'',0,1800,4,'',0,1400,4,'',0,1500,4,'',0,6400,4,'',0,1000,4,'',0,29300,4,'',0,24000,4,'',0,29600,4,'',0,30400,4,'',0
'TRAIN-A23-Blocks-Semaine-09',1101,70500,0,'Vaudreuil',0,4500,0,'Beaconsfield',0,20500,0,'Vaudreuil',0,27500,0,'Vaudreuil',0,28000,0,'Vaudreuil',0,3500,0,'Vaudreuil',0,7500,0,'Vaudreuil',0,2000,,'',0,6000,0,'Vaudreuil',0,2000,,'',0,2000,0,'Vaudreuil',0,6500,0,'Vaudreuil',0,2500,0,'Vaudreuil',0,28500,0,'Vaudreuil',0
'TRAIN-A23-Blocks-Semaine-09',1200,63500,4,'',0,10100,4,'',0,6800,4,'',0,3100,4,'',0,2000,4,'',0,85700,4,'',0,11900,4,'',0,7100,4,'',0,11300,4,'',0,14100,4,'',0,14400,4,'',0
'TRAIN-A23-Blocks-Semaine-09',1201,65700,,'',0,85800,,'',0,9000,,'',0,3000,,'',0,7500,,'',0,3500,,'',0,10000,,'',0,9000,,'',0,17500,,'',0,10000,,'',0,10500,,'',0
'TRAIN-A23-Blocks-Semaine-09',1400,63500,4,'',0,8300,4,'',0,2200,4,'',0,7000,4,'',0,3100,4,'',0,6500,4,'',0,2600,4,'',0,17900,4,'',0,29000,4,'',0
'TRAIN-A23-Blocks-Semaine-09',1401,93500,,'',0,28500,,'',0,31500,,'',0,2000,,'',0,6000,,'',0,3000,,'',0,7000,,'',0,4000,,'',0,6500,,'',0
