'TRAIN-H24-TRKPI-Dimanche-03',400,75500,0,'Concorde',0,20000,0,'Concorde',0,20000,0,'Concorde',0,37500,0,'Concorde',0,20000,0,'Concorde',0,21500,0,'Concorde',0
'TRAIN-H24-TRKPI-Dimanche-03',401,93500,4,'',0,20000,4,'',0,20000,4,'',0,37500,4,'',0,20000,4,'',0,30000,4,'',0
'TRAIN-H24-TRKPI-Dimanche-04',400,75500,0,'Concorde',0,20000,0,'Concorde',0,20000,0,'Concorde',0,37500,0,'Concorde',0,20000,0,'Concorde',0,21500,0,'Concorde',0
'TRAIN-H24-TRKPI-Dimanche-04',401,93500,4,'',0,20000,4,'',0,20000,4,'',0,37500,4,'',0,20000,4,'',0,30000,4,'',0
'TRAIN-H24-TRKPI-Fête-1-04',400,75500,0,'Concorde',0,20000,0,'Concorde',0,20000,0,'Concorde',0,37500,0,'Concorde',0,20000,0,'Concorde',0,21500,0,'Concorde',0
'TRAIN-H24-TRKPI-Fête-1-04',401,93500,4,'',0,20000,4,'',0,20000,4,'',0,37500,4,'',0,20000,4,'',0,30000,4,'',0
'TRAIN-H24-TRKPI-Samedi-03',400,75500,0,'Concorde',0,20000,0,'Concorde',0,20000,0,'Concorde',0,37500,0,'Concorde',0,20000,0,'Concorde',0,21500,0,'Concorde',0
'TRAIN-H24-TRKPI-Samedi-03',401,93500,4,'',0,20000,4,'',0,20000,4,'',0,37500,4,'',0,20000,4,'',0,30000,4,'',0
'TRAIN-H24-TRKPI-Samedi-04',400,75500,0,'Concorde',0,20000,0,'Concorde',0,20000,0,'Concorde',0,37500,0,'Concorde',0,20000,0,'Concorde',0,21500,0,'Concorde',0
'TRAIN-H24-TRKPI-Samedi-04',401,93500,4,'',0,20000,4,'',0,20000,4,'',0,37500,4,'',0,20000,4,'',0,30000,4,'',0
'TRAIN-H24-TRKPI-Semaine-04',400,51500,,'',0,9500,,'',0,2500,,'',0,7500,,'',0,2000,,'',0,10800,0,'Parc',0,22100,0,'Parc',0,26100,0,'Parc',0,22400,,'',0,10700,,'',0,9000,,'',0,10900,,'',0,18500,,'',0,10400,,'',0
'TRAIN-H24-TRKPI-Semaine-04',401,82300,4,'',0,22100,4,'',0,26100,4,'',0,22200,4,'',0,11100,4,'',0,9300,4,'',0,7000,4,'',0,3500,4,'',0,7500,4,'',0,9600,4,'',0,4700,4,'',0,17500,4,'',0,10000,4,'',0,10500,4,'',0
