'TRAIN-H23-Blocks-Dimanche-01',100,123000,4,'',0,40000,4,'',0,31500,4,'',0
'TRAIN-H23-Blocks-Fête-1-01',100,123000,4,'',0,40000,4,'',0,31500,4,'',0
'TRAIN-H23-Blocks-Jeu-Ven-01',100,64800,4,'',0,8300,4,'',0,2000,4,'',0,5100,4,'',0,1600,4,'',0,3000,4,'',0,6500,4,'',0,1200,4,'',0,29300,4,'',0,24000,4,'',0,29200,4,'',0,30800,4,'',0
'TRAIN-H23-Blocks-Jeu-Ven-02',100,64800,4,'',0,8300,4,'',0,2000,4,'',0,5100,4,'',0,1600,4,'',0,3000,4,'',0,6500,4,'',0,1200,4,'',0,29300,4,'',0,24000,4,'',0,29200,4,'',0,30800,4,'',0
'TRAIN-H23-Blocks-Lun-Mer-01',100,64800,4,'',0,8300,4,'',0,2000,4,'',0,5100,4,'',0,1600,4,'',0,3000,4,'',0,6500,4,'',0,1200,4,'',0,29300,4,'',0,24000,4,'',0,29200,4,'',0,30800,4,'',0
'TRAIN-H23-Blocks-Lun-Mer-02',100,64800,4,'',0,8300,4,'',0,2000,4,'',0,5100,4,'',0,1600,4,'',0,3000,4,'',0,6500,4,'',0,1200,4,'',0,29300,4,'',0,24000,4,'',0,29200,4,'',0,30800,4,'',0
'TRAIN-H23-Blocks-Samedi-01',100,90000,4,'',0,30000,4,'',0,50000,4,'',0,30000,4,'',0
'TRAIN-H23-Blocks-Jeu-Ven-01',400,63500,4,'',0,10100,4,'',0,6800,4,'',0,3100,4,'',0,2000,4,'',0,85700,4,'',0,11900,4,'',0,7100,4,'',0,11300,4,'',0,14100,4,'',0,14400,4,'',0
'TRAIN-H23-Blocks-Jeu-Ven-02',400,63500,4,'',0,10100,4,'',0,6800,4,'',0,3100,4,'',0,2000,4,'',0,85700,4,'',0,11900,4,'',0,7100,4,'',0,11300,4,'',0,14100,4,'',0,14400,4,'',0
'TRAIN-H23-Blocks-Lun-Mer-01',400,63500,4,'',0,10100,4,'',0,6800,4,'',0,3100,4,'',0,2000,4,'',0,85700,4,'',0,11900,4,'',0,7100,4,'',0,11300,4,'',0,14100,4,'',0,14400,4,'',0
'TRAIN-H23-Blocks-Lun-Mer-02',400,63500,4,'',0,10100,4,'',0,6800,4,'',0,3100,4,'',0,2000,4,'',0,85700,4,'',0,11900,4,'',0,7100,4,'',0,11300,4,'',0,14100,4,'',0,14400,4,'',0
'TRAIN-H23-Blocks-Jeu-Ven-01',500,63500,4,'',0,8300,4,'',0,2200,4,'',0,7000,4,'',0,3100,4,'',0,6500,4,'',0,2600,4,'',0,17900,4,'',0,29000,4,'',0
'TRAIN-H23-Blocks-Jeu-Ven-02',500,63500,4,'',0,8300,4,'',0,2200,4,'',0,7000,4,'',0,3100,4,'',0,6500,4,'',0,2600,4,'',0,17900,4,'',0,29000,4,'',0
'TRAIN-H23-Blocks-Lun-Mer-01',500,63500,4,'',0,8300,4,'',0,2200,4,'',0,7000,4,'',0,3100,4,'',0,6500,4,'',0,2600,4,'',0,17900,4,'',0,29000,4,'',0
'TRAIN-H23-Blocks-Lun-Mer-02',500,63500,4,'',0,8300,4,'',0,2200,4,'',0,7000,4,'',0,3100,4,'',0,6500,4,'',0,2600,4,'',0,17900,4,'',0,29000,4,'',0
