100,11320,1,0
100,11310,2,0
100,11300,3,0
100,11290,4,0
100,11280,5,0
100,11270,6,0
100,11260,7,0
100,11250,8,0
100,11240,9,0
100,11230,10,0
100,11220,11,0
100,11210,12,0
100,11200,13,0
100,11190,14,0
100,11180,15,0
100,11170,16,0
100,11160,17,1
101,11160,1,0
101,11170,2,0
101,11180,3,0
101,11190,4,0
101,11200,5,0
101,11210,6,0
101,11220,7,0
101,11230,8,0
101,11240,9,0
101,11250,10,0
101,11260,11,0
101,11270,12,0
101,11280,13,0
101,11290,14,0
101,11300,15,0
101,11310,16,0
101,11320,17,1
300,11490,1,0
300,11480,2,0
300,11470,3,0
300,11460,4,0
300,11450,5,0
300,11440,6,0
300,11010,7,1
301,11010,1,0
301,11440,2,0
301,11450,3,0
301,11460,4,0
301,11470,5,0
301,11480,6,0
301,11490,7,1
400,11400,1,0
400,11390,2,0
400,11380,3,0
400,11375,4,0
400,11365,5,0
400,11360,6,0
400,11355,7,0
400,11350,8,0
400,11170,9,1
401,11170,1,0
401,11350,2,0
401,11355,3,0
401,11360,4,0
401,11365,5,0
401,11375,6,0
401,11380,7,0
401,11390,8,0
401,11400,9,1
500,11540,1,0
500,11530,2,0
500,11520,3,0
500,11510,4,0
500,11500,5,0
500,11495,6,0
500,11170,7,0
500,11160,8,1
501,11160,1,0
501,11170,2,0
501,11495,3,0
501,11500,4,0
501,11510,5,0
501,11520,6,0
501,11530,7,0
501,11540,8,1
600,11650,1,0
600,11640,2,0
600,11630,3,0
600,11610,4,0
600,11600,5,0
600,11590,6,0
600,11580,7,0
600,11570,8,0
600,11560,9,0
600,11550,10,0
600,11010,11,1
601,11010,1,0
601,11550,2,0
601,11560,3,0
601,11570,4,0
601,11580,5,0
601,11590,6,0
601,11600,7,0
601,11610,8,0
601,11630,9,0
601,11640,10,0
601,11650,11,1
