100,'Dimanche-01',1230,,404,17,4,,0,400,,405,17,4,,0,315,,406,17,4,,0
100,'Fête-1-01',1230,,407,17,4,,0,400,,408,17,4,,0,315,,409,17,4,,0
100,'Samedi-01',900,,410,17,4,,0,300,,411,17,4,,0,500,,412,17,4,,0,300,,413,17,4,,0
100,'Semaine-01',649,,417,17,4,,0,80,,418,18,4,,0,22,,419,17,4,,0,51,,420,17,4,,0,18,,416,18,4,,0,14,,414,17,4,,0,15,,421,18,4,,0,64,,422,17,4,,0,10,,415,10,4,,0,293,,423,17,4,,0,240,,424,17,4,,0,296,,425,11,4,,0,304,,426,17,4,,0
101,'Dimanche-01',1329,,427,1,0,5,0,400,,428,1,0,5,0,230,,429,1,0,5,0
101,'Fête-1-01',1330,,430,1,0,5,0,400,,431,1,0,5,0,270,,432,1,0,5,0
101,'Samedi-01',930,,433,1,0,5,0,400,,434,1,0,5,0,400,,435,1,0,5,0,500,,436,1,0,5,0
101,'Semaine-01',705,,438,1,0,5,0,45,,439,1,0,8,0,205,,440,1,0,5,0,275,,441,1,0,5,0,280,,442,1,0,5,0,35,,443,1,0,5,0,75,,444,1,0,5,0,20,,437,1,,,0,60,,445,1,0,5,0,20,,446,1,,,0,20,,447,1,0,5,0,65,,448,1,,,0,25,,449,1,0,5,0,285,,450,1,0,5,0
400,'Semaine-01',638,,483,14,4,,0,98,,484,14,4,,0,68,,485,14,4,,0,31,,486,14,4,,0,20,,487,14,4,,0,857,,491,14,4,,0,119,,492,13,4,,0,71,,495,13,4,,0,113,,493,13,4,,0,141,,496,13,4,,0,144,,494,14,4,,0
401,'Semaine-01',657,,515,1,,,0,858,,516,1,,,0,90,,517,1,,,0,30,,518,1,,,0,75,,519,1,,,0,35,,520,1,,,0,100,,521,1,,,0,90,,527,1,,,0,175,,522,1,,,0,100,,528,1,,,0,105,,523,1,,,0
500,'Semaine-01',635,,529,9,4,,0,83,,530,9,4,,0,22,,531,9,4,,0,70,,532,9,4,,0,31,,533,9,4,,0,65,,534,9,4,,0,26,,535,9,4,,0,179,,536,9,4,,0,290,,537,9,4,,0
501,'Semaine-01',935,,538,1,,,0,285,,539,1,,,0,315,,540,1,,,0,20,,541,1,,,0,60,,542,1,,,0,30,,543,1,,,0,70,,544,1,,,0,40,,545,1,,,0,65,,546,1,,,0
