400,'Dimanche-01',836,,465,8,4,,0,205,,466,8,4,,0,205,,467,8,4,,0,365,,468,8,4,,0,205,,469,8,4,,0,210,,470,8,4,,0
400,'Fête-1-01',836,,471,8,4,,0,205,,472,8,4,,0,205,,473,8,4,,0,365,,474,8,4,,0,205,,475,8,4,,0,210,,476,8,4,,0
400,'Samedi-01',836,,477,8,4,,0,205,,478,8,4,,0,205,,479,8,4,,0,365,,480,8,4,,0,205,,481,8,4,,0,210,,482,8,4,,0
400,'Semaine-01',556,,483,8,,,0,97,,484,8,,,0,66,,485,8,,,0,34,,486,8,,,0,60,,487,8,,,0,104,,488,8,0,7,0,221,,489,8,0,7,0,221,,490,8,0,7,0,274,,491,8,,,0,120,,492,7,,,0,72,,495,7,,,0,112,,493,7,,,0,178,,496,7,,,0,104,,494,8,,,0
400,'Semaine-02',556,,604,8,,,0,97,,605,8,,,0,66,,606,8,,,0,34,,607,8,,,0,60,,608,8,,,0,104,,609,8,0,7,0,221,,610,8,0,7,0,221,,611,8,0,7,0,274,,612,8,,,0,120,,613,7,,,0,72,,616,7,,,0,112,,614,7,,,0,178,,617,7,,,0,104,,615,8,,,0
401,'Dimanche-01',900,,497,1,,,0,205,,498,1,,,0,205,,499,1,,,0,325,,500,1,,,0,205,,501,1,,,0,295,,502,1,,,0
401,'Fête-1-01',900,,503,1,,,0,205,,504,1,,,0,205,,505,1,,,0,325,,506,1,,,0,205,,507,1,,,0,295,,508,1,,,0
401,'Samedi-01',900,,509,1,,,0,205,,510,1,,,0,205,,511,1,,,0,325,,512,1,,,0,205,,513,1,,,0,295,,514,1,,,0
401,'Semaine-01',733,,515,7,,,0,267,40,524,4,,,0,222,,525,4,,,0,221,,526,4,,,0,111,,516,7,,,0,91,,517,7,,,0,70,,518,7,,,0,35,,519,7,,,0,75,,520,7,,,0,98,,521,7,,,0,89,,527,7,,,0,135,,522,7,,,0,100,,528,7,,,0,105,,523,7,,,0
401,'Semaine-02',733,,618,7,,,0,267,40,627,4,,,0,222,,628,4,,,0,221,,629,4,,,0,111,,619,7,,,0,91,,620,7,,,0,70,,621,7,,,0,35,,622,7,,,0,75,,623,7,,,0,98,,624,7,,,0,89,,630,7,,,0,135,,625,7,,,0,100,,631,7,,,0,105,,626,7,,,0
