'TRAIN-H25-TRKPI-Semaine-05',600,54000,0,'Ahuntsic',0,7700,,'',0,3300,,'',0,8000,,'',0,10000,0,'Ahuntsic',0,50200,0,'Ahuntsic',0,38500,0,'Ahuntsic',0,30300,0,'Ahuntsic',0
'TRAIN-H25-TRKPI-Semaine-05',601,81000,4,'',0,50800,4,'',0,38600,4,'',0,4900,4,'',0,7000,4,'',0,8500,4,'',0,9900,4,'',0,21000,4,'',0
'TRAIN-H25-TRKPI-Semaine-06',600,54000,0,'Ahuntsic',0,7700,,'',0,3300,,'',0,8000,,'',0,10000,0,'Ahuntsic',0,50200,0,'Ahuntsic',0,38500,0,'Ahuntsic',0,30300,0,'Ahuntsic',0
'TRAIN-H25-TRKPI-Semaine-06',601,81000,4,'',0,50800,4,'',0,38600,4,'',0,4900,4,'',0,7000,4,'',0,8500,4,'',0,9900,4,'',0,21000,4,'',0
'TRAIN-H25-TRKPI-Semaine-07',600,54000,0,'Ahuntsic',0,7700,,'',0,3300,,'',0,8000,,'',0,10000,0,'Ahuntsic',0,50200,0,'Ahuntsic',0,38500,0,'Ahuntsic',0,30300,0,'Ahuntsic',0
'TRAIN-H25-TRKPI-Semaine-07',601,81000,4,'',0,50800,4,'',0,38600,4,'',0,4900,4,'',0,7000,4,'',0,8500,4,'',0,9900,4,'',0,21000,4,'',0
'TRAIN-H25-TRKPI-Semaine-08',600,54000,0,'Ahuntsic',0,7700,,'',0,3300,,'',0,8000,,'',0,10000,0,'Ahuntsic',0,50200,0,'Ahuntsic',0,38500,0,'Ahuntsic',0,30300,0,'Ahuntsic',0
'TRAIN-H25-TRKPI-Semaine-08',601,81000,4,'',0,50800,4,'',0,38600,4,'',0,4900,4,'',0,7000,4,'',0,8500,4,'',0,9900,4,'',0,21000,4,'',0
'TRAIN-H25-TRKPI-Semaine-09',600,54000,0,'Ahuntsic',0,7700,,'',0,3300,,'',0,8000,,'',0,10000,0,'Ahuntsic',0,50200,0,'Ahuntsic',0,38500,0,'Ahuntsic',0,30300,0,'Ahuntsic',0
'TRAIN-H25-TRKPI-Semaine-09',601,81000,4,'',0,50800,4,'',0,38600,4,'',0,4900,4,'',0,7000,4,'',0,8500,4,'',0,9900,4,'',0,21000,4,'',0
'TRAIN-H25-TRKPI-Semaine-10',600,54000,0,'Ahuntsic',0,7700,,'',0,3300,,'',0,8000,,'',0,10000,0,'Ahuntsic',0,50200,0,'Ahuntsic',0,38500,0,'Ahuntsic',0,30300,0,'Ahuntsic',0
'TRAIN-H25-TRKPI-Semaine-10',601,81000,4,'',0,50800,4,'',0,38600,4,'',0,4900,4,'',0,7000,4,'',0,8500,4,'',0,9900,4,'',0,21000,4,'',0
'TRAIN-H25-TRKPI-Semaine-12',600,54000,0,'Ahuntsic',0,7700,,'',0,3300,,'',0,8000,,'',0,10000,0,'Ahuntsic',0,50200,0,'Ahuntsic',0,38500,0,'Ahuntsic',0,30300,0,'Ahuntsic',0
'TRAIN-H25-TRKPI-Semaine-12',601,81000,4,'',0,50800,4,'',0,38600,4,'',0,4900,4,'',0,7000,4,'',0,8500,4,'',0,9900,4,'',0,21000,4,'',0
