100,'Dimanche-01',1209,,404,13,,,0,400,,405,13,,,0,315,,406,13,,,0
100,'Fête-1-01',1209,,407,13,,,0,400,,408,13,,,0,315,,409,13,,,0
100,'Samedi-01',839,,410,13,,,0,300,,411,13,,,0,500,,412,13,,,0,300,,413,13,,,0
100,'Semaine-01',624,,417,13,,,0,79,,418,14,,,0,20,,419,13,,,0,12,,420,13,,,0,17,,416,14,,,0,56,,414,13,,,0,16,,421,14,,,0,24,,422,13,,,0,10,,415,6,,,0,294,,423,13,,,0,280,,424,13,,,0,295,,425,7,,,0,305,,426,13,,,0
100,'Semaine-02',624,,566,13,,,0,79,,567,14,,,0,20,,568,13,,,0,12,,569,13,,,0,17,,565,14,,,0,56,,563,13,,,0,16,,570,14,,,0,24,,571,13,,,0,10,,564,6,,,0,294,,572,13,,,0,280,,573,13,,,0,295,,574,7,,,0,305,,575,13,,,0
101,'Dimanche-01',1349,,427,5,0,5,0,400,,428,5,0,5,0,270,,429,5,0,5,0
101,'Fête-1-01',1350,,430,5,0,5,0,400,,431,5,0,5,0,270,,432,5,0,5,0
101,'Samedi-01',950,,433,5,0,5,0,400,,434,5,0,5,0,400,,435,5,0,5,0,500,,436,5,0,5,0
101,'Semaine-01',726,,438,5,0,5,0,85,,439,5,0,8,0,207,,440,5,0,5,0,235,,441,5,0,5,0,281,,442,5,0,5,0,74,,443,5,0,5,0,36,,444,5,0,5,0,59,,437,5,,,0,20,,445,5,0,5,0,20,,446,5,,,0,60,,447,5,0,5,0,25,,448,5,,,0,25,,449,5,0,5,0,285,,450,5,0,5,0
101,'Semaine-02',726,,577,5,0,5,0,85,,578,5,0,8,0,207,,579,5,0,5,0,235,,580,5,0,5,0,281,,581,5,0,5,0,74,,582,5,0,5,0,36,,583,5,0,5,0,59,,576,5,,,0,20,,584,5,0,5,0,20,,585,5,,,0,60,,586,5,0,5,0,25,,587,5,,,0,25,,588,5,0,5,0,285,,589,5,0,5,0
