400,'Dimanche-01',755,,465,1,0,6,0,245,,466,1,0,6,0,205,,467,1,0,6,0,325,,468,1,0,6,0,205,,469,1,0,6,0,210,,470,1,0,6,0
400,'Fête-1-01',755,,471,1,0,6,0,245,,472,1,0,6,0,205,,473,1,0,6,0,325,,474,1,0,6,0,205,,475,1,0,6,0,210,,476,1,0,6,0
400,'Samedi-01',755,,477,1,0,6,0,245,,478,1,0,6,0,205,,479,1,0,6,0,325,,480,1,0,6,0,205,,481,1,0,6,0,210,,482,1,0,6,0
400,'Semaine-01',515,,483,1,,,0,95,,484,1,,,0,25,,485,1,,,0,75,,486,1,,,0,20,,487,1,,,0,108,,488,1,0,7,0,221,,489,1,0,7,0,261,,490,1,0,7,0,224,,491,1,,,0,107,,492,1,,,0,90,,495,1,,,0,109,,493,1,,,0,185,,496,1,,,0,104,,494,1,,,0
400,'Semaine-02',515,,604,1,,,0,95,,605,1,,,0,25,,606,1,,,0,75,,607,1,,,0,20,,608,1,,,0,108,,609,1,0,7,0,221,,610,1,0,7,0,261,,611,1,0,7,0,224,,612,1,,,0,107,,613,1,,,0,90,,616,1,,,0,109,,614,1,,,0,185,,617,1,,,0,104,,615,1,,,0
401,'Dimanche-01',940,,497,8,4,,0,205,,498,8,4,,0,205,,499,8,4,,0,365,,500,8,4,,0,205,,501,8,4,,0,295,,502,8,4,,0
401,'Fête-1-01',940,,503,8,4,,0,205,,504,8,4,,0,205,,505,8,4,,0,365,,506,8,4,,0,205,,507,8,4,,0,295,,508,8,4,,0
401,'Samedi-01',940,,509,8,4,,0,205,,510,8,4,,0,205,,511,8,4,,0,365,,512,8,4,,0,205,,513,8,4,,0,295,,514,8,4,,0
401,'Semaine-01',823,,515,14,4,,0,221,,524,11,4,,0,261,,525,11,4,,0,222,,526,11,4,,0,111,,516,14,4,,0,93,,517,14,4,,0,70,,518,14,4,,0,35,,519,14,4,,0,75,,520,14,4,,0,96,,521,14,4,,0,47,,527,14,4,,0,175,,522,14,4,,0,100,,528,14,4,,0,105,,523,14,4,,0
401,'Semaine-02',823,,618,14,4,,0,221,,627,11,4,,0,261,,628,11,4,,0,222,,629,11,4,,0,111,,619,14,4,,0,93,,620,14,4,,0,70,,621,14,4,,0,35,,622,14,4,,0,75,,623,14,4,,0,96,,624,14,4,,0,47,,630,14,4,,0,175,,625,14,4,,0,100,,631,14,4,,0,105,,626,14,4,,0
