11010,'','Centrale',45.50000,-73.56667,1,2377040
11150,'','Lucien-L''Allier',45.49477,-73.57081,0,2377038
11160,'','Vendôme',45.47377,-73.60310,0,2377037
11170,'','Montréal-O',45.45368,-73.64174,0,2377036
11180,'','Lachine',45.44869,-73.71133,0,2330784
11190,'','Dorval',45.44921,-73.74311,0,2110840
11200,'','Pine Beach',45.44960,-73.76426,0,2110839
11210,'','Valois',45.44975,-73.79087,0,2450074
11220,'','Pte-Claire',45.44726,-73.80344,0,2450073
11230,'','Cedar Park',45.44242,-73.81988,0,2450072
11240,'','Beaconsfield',45.43498,-73.84739,0,2034580
11250,'','Beaurepaire',45.42740,-73.88726,0,2034579
11260,'','Baie-D''Urfé',45.41992,-73.91556,0,2050482
11270,'','Ste-Anne-De-Bellevue',45.40762,-73.95122,0,2537213
11280,'','Île-Perrot',45.39593,-73.96543,0,2336798
11290,'','Pincourt',45.38718,-73.99227,0,2587154
11300,'','Dorion',45.38640,-74.00826,0,2627175
11310,'','Vaudreuil',45.39901,-74.05056,0,2627182
11320,'','Hudson',45.45964,-74.14094,0,2228794
11350,'','Parc',45.53149,-73.62378,0,2377043
11355,'','Chabanel',45.53706,-73.65803,0,73688233
11360,'','Bois-De-Boulogne',45.54025,-73.67690,0,2377042
11365,'','Concorde',45.56029,-73.71010,0,72824260
11375,'','Vimont',45.60377,-73.74266,0,72824258
11380,'','Ste-Rose',45.62544,-73.76475,0,2349170
11390,'','Rosemère',45.63451,-73.79574,0,2521404
11400,'','Ste-Thérèse',45.63604,-73.83355,0,2555971
11410,'','Blainville',45.67243,-73.86616,0,2041306
11420,'','Mirabel',45.71171,-73.91856,0,2366651
11430,'','St-Jérôme',45.77319,-73.99912,0,2546203
11440,'','St-Lambert',45.49963,-73.50582,0,2555782
11450,'','Longueuil-St-Hubert',45.50815,-73.43382,0,2555660
11460,'','St-Bruno',45.51203,-73.37441,0,2555473
11470,'','St-Basile-Le-Grand',45.52331,-73.30592,0,2538144
11480,'','McMasterville',45.54605,-73.22978,0,2370526
11490,'','Mont-St-Hilaire',45.57720,-73.17850,0,2375951
11495,'','Canal',45.43765,-73.65589,0,2330787
11500,'','LaSalle',45.42522,-73.65698,0,2346284
11510,'','Ste-Catherine',45.38204,-73.60010,0,2539663
11520,'','St-Constant',45.37395,-73.57030,0,2539662
11530,'','Delson',45.36684,-73.54080,0,2094502
11540,'','Candiac',45.36092,-73.51485,0,2060929
11550,'','Ahuntsic',45.53503,-73.66266,1,73688297
11560,'','Sauvé',45.54941,-73.65434,1,73688296
11570,'','St-Michel-Montréal-N',45.58299,-73.63026,1,73688295
11580,'','St-Léonard-Montréal-N',45.60034,-73.61578,1,73688294
11590,'','Anjou',45.61787,-73.59666,1,73688293
11600,'','Riv-Des-Prairies',45.66066,-73.53917,1,73688292
11610,'','Pte-Aux-Trembles',45.67488,-73.50534,1,73688291
11630,'','Repentigny',45.73459,-73.48611,1,2332675
11640,'','Terrebonne',45.72850,-73.52119,1,2330970
11650,'','Mascouche',45.72959,-73.59850,1,2358994
