100,'Dimanche-01',1222,,404,16,,,0,400,,405,16,,,0,315,,406,16,,,0
100,'Fête-1-01',1222,,407,16,,,0,400,,408,16,,,0,315,,409,16,,,0
100,'Samedi-01',852,,410,16,,,0,300,,411,16,,,0,500,,412,16,,,0,300,,413,16,,,0
100,'Semaine-01',641,,417,16,,,0,79,,418,17,,,0,21,,419,16,,,0,11,,420,16,,,0,59,,416,17,,,0,15,,414,16,,,0,15,,421,17,,,0,64,,422,16,,,0,10,2,415,9,,,0,293,,423,16,,,0,240,,424,16,,,0,295,,425,10,,,0,305,,426,16,,,0
100,'Semaine-02',641,,566,16,,,0,79,,567,17,,,0,21,,568,16,,,0,11,,569,16,,,0,59,,565,17,,,0,15,,563,16,,,0,15,,570,17,,,0,64,,571,16,,,0,10,2,564,9,,,0,293,,572,16,,,0,240,,573,16,,,0,295,,574,10,,,0,305,,575,16,,,0
101,'Dimanche-01',1334,,427,2,0,5,0,400,,428,2,0,5,0,270,,429,2,0,5,0
101,'Fête-1-01',1335,,430,2,0,5,0,400,,431,2,0,5,0,270,,432,2,0,5,0
101,'Samedi-01',935,,433,2,0,5,0,400,,434,2,0,5,0,400,,435,2,0,5,0,500,,436,2,0,5,0
101,'Semaine-01',711,,438,2,0,5,0,45,,439,2,0,8,0,245,,440,2,0,5,0,235,,441,2,0,5,0,280,,442,2,0,5,0,36,2,443,2,0,5,0,75,2,444,2,0,5,0,19,2,437,2,,,0,60,,445,2,0,5,0,21,2,446,2,,,0,19,,447,2,0,5,0,65,2,448,2,,,0,25,,449,2,0,5,0,285,,450,2,0,5,0
101,'Semaine-02',711,,577,2,0,5,0,45,,578,2,0,8,0,245,,579,2,0,5,0,235,,580,2,0,5,0,280,,581,2,0,5,0,36,2,582,2,0,5,0,75,2,583,2,0,5,0,19,2,576,2,,,0,60,,584,2,0,5,0,21,2,585,2,,,0,19,,586,2,0,5,0,65,2,587,2,,,0,25,,588,2,0,5,0,285,,589,2,0,5,0
400,'Semaine-01',630,,483,13,,,0,98,,484,13,,,0,28,,485,13,,,0,72,,486,13,,,0,21,,487,13,,,0,856,,491,13,,,0,119,,492,12,,,0,31,,495,12,,,0,153,,493,12,,,0,141,,496,12,,,0,104,,494,13,,,0
400,'Semaine-02',630,,604,13,,,0,98,,605,13,,,0,28,,606,13,,,0,72,,607,13,,,0,21,,608,13,,,0,856,,612,13,,,0,119,,613,12,,,0,31,,616,12,,,0,153,,614,12,,,0,141,,617,12,,,0,104,,615,13,,,0
401,'Semaine-01',702,,515,2,,,0,818,,516,2,,,0,90,,517,2,,,0,30,,518,2,,,0,75,,519,2,,,0,35,,520,2,,,0,100,,521,2,,,0,90,,527,2,,,0,175,,522,2,,,0,100,,528,2,,,0,105,,523,2,,,0
401,'Semaine-02',702,,618,2,,,0,818,,619,2,,,0,90,,620,2,,,0,30,,621,2,,,0,75,,622,2,,,0,35,,623,2,,,0,100,,624,2,,,0,90,,630,2,,,0,175,,625,2,,,0,100,,631,2,,,0,105,,626,2,,,0
500,'Semaine-01',630,,529,8,,,0,82,,530,8,,,0,22,,531,8,,,0,70,,532,8,,,0,31,,533,8,,,0,65,40,534,8,,,0,26,,535,8,,,0,180,,536,8,,,0,250,,537,8,,,0
500,'Semaine-02',630,,632,8,,,0,82,,633,8,,,0,22,,634,8,,,0,70,,635,8,,,0,31,,636,8,,,0,65,40,637,8,,,0,26,,638,8,,,0,180,,639,8,,,0,250,,640,8,,,0
501,'Semaine-01',940,,538,2,,,0,285,,539,2,,,0,316,,540,2,,,0,60,,541,2,,,0,20,,542,2,,,0,30,,543,2,,,0,70,,544,2,,,0,80,,545,2,,,0,25,,546,2,,,0
501,'Semaine-02',940,,641,2,,,0,285,,642,2,,,0,316,,643,2,,,0,60,,644,2,,,0,20,,645,2,,,0,30,,646,2,,,0,70,,647,2,,,0,80,,648,2,,,0,25,,649,2,,,0
