400,'Dimanche-05',803,,215,2,0,6,0,205,,216,2,0,6,0,205,,217,2,0,6,0,325,,218,2,0,6,0,205,,219,2,0,6,0,210,,220,2,0,6,0
400,'Fête-1-01',803,,68,2,0,6,0,205,,69,2,0,6,0,205,,70,2,0,6,0,325,,71,2,0,6,0,205,,72,2,0,6,0,210,,73,2,0,6,0
400,'Samedi-05',803,,221,2,0,6,0,205,,222,2,0,6,0,205,,223,2,0,6,0,325,,224,2,0,6,0,205,,225,2,0,6,0,210,,226,2,0,6,0
400,'Semaine-05',524,,227,2,,,0,95,,228,2,,,0,25,,229,2,,,0,75,,230,2,,,0,20,,231,2,,,0,107,,232,2,0,7,0,261,,233,2,0,7,0,221,,234,2,0,7,0,226,,235,2,,,0,593,,238,2,,,0
400,'Semaine-06',524,,342,2,,,0,95,,343,2,,,0,25,,344,2,,,0,75,,345,2,,,0,20,,346,2,,,0,107,,347,2,0,7,0,261,,348,2,0,7,0,221,,349,2,0,7,0,226,,350,2,,,0,593,,353,2,,,0
401,'Dimanche-05',930,,241,7,,,0,205,,242,7,,,0,205,,243,7,,,0,365,,244,7,,,0,205,,245,7,,,0,295,,246,7,,,0
401,'Fête-1-01',931,,100,7,,,0,205,,101,7,,,0,205,,102,7,,,0,365,,103,7,,,0,205,,104,7,,,0,295,,105,7,,,0
401,'Samedi-05',931,,247,7,,,0,205,,248,7,,,0,205,,249,7,,,0,365,,250,7,,,0,205,,251,7,,,0,295,,252,7,,,0
401,'Semaine-05',814,,253,13,,,0,219,,262,10,,,0,221,,263,10,,,0,262,,264,10,,,0,111,,254,13,,,0,94,,255,13,,,0,30,,256,13,,,0,75,,257,13,,,0,75,,258,13,,,0,55,,259,13,,,0,88,,265,13,,,0,175,,260,13,,,0,100,,266,13,,,0,105,,261,13,,,0
401,'Semaine-06',814,,356,13,,,0,219,,365,10,,,0,221,,366,10,,,0,262,,367,10,,,0,111,,357,13,,,0,94,,358,13,,,0,30,,359,13,,,0,75,,360,13,,,0,75,,361,13,,,0,55,,362,13,,,0,88,,368,13,,,0,175,,363,13,,,0,100,,369,13,,,0,105,,364,13,,,0
