100,'Dimanche-01',1130,,404,1,,,0,400,,405,1,,,0,315,,406,1,,,0
100,'Fête-1-01',1130,,407,1,,,0,400,,408,1,,,0,315,,409,1,,,0
100,'Samedi-01',800,,410,1,,,0,300,,411,1,,,0,500,,412,1,,,0,300,,413,1,,,0
100,'Semaine-01',545,,417,1,,,0,80,,418,2,,,0,20,,419,1,,,0,10,,420,1,,,0,57,,416,2,,,0,18,,414,1,,,0,15,,421,2,,,0,65,,422,1,,,0,305,,423,1,,,0,240,,424,1,,,0,345,,425,1,,,0,255,,426,1,,,0
100,'Semaine-02',545,,566,1,,,0,80,,567,2,,,0,20,,568,1,,,0,10,,569,1,,,0,57,,565,2,,,0,18,,563,1,,,0,15,,570,2,,,0,65,,571,1,,,0,305,,572,1,,,0,240,,573,1,,,0,345,,574,1,,,0,255,,575,1,,,0
101,'Dimanche-01',1429,,427,17,4,,0,400,,428,17,4,,0,230,,429,17,4,,0
101,'Fête-1-01',1430,,430,17,4,,0,400,,431,17,4,,0,270,,432,17,4,,0
101,'Samedi-01',1030,,433,17,4,,0,400,,434,17,4,,0,400,,435,17,4,,0,500,,436,17,4,,0
101,'Semaine-01',802,,438,13,4,,0,299,,440,17,4,,0,235,,441,17,4,,0,282,,442,17,4,,0,35,,443,17,4,,0,76,,444,17,4,,0,16,,437,17,,,0,63,,445,17,4,,0,17,,446,17,,,0,21,,447,17,4,,0,62,,448,17,,,0,28,,449,17,4,,0,285,,450,17,4,,0
101,'Semaine-02',802,,577,13,4,,0,299,,579,17,4,,0,235,,580,17,4,,0,282,,581,17,4,,0,35,,582,17,4,,0,76,,583,17,4,,0,16,,576,17,,,0,63,,584,17,4,,0,17,,585,17,,,0,21,,586,17,4,,0,62,,587,17,,,0,28,,588,17,4,,0,285,,589,17,4,,0
