100,'Dimanche-05',1202,,160,11,,,0,400,,161,11,,,0,315,,162,11,,,0
100,'Fête-1-01',1202,,4,11,,,0,400,,5,11,,,0,315,,6,11,,,0
100,'Samedi-05',832,,163,11,,,0,300,,164,11,,,0,500,,165,11,,,0,300,,166,11,,,0
100,'Semaine-04',618,,14,11,,,0,39,,15,12,,,0,60,,16,11,,,0,12,,17,11,,,0,17,,13,12,,,0,56,,11,11,,,0,15,,18,12,,,0,25,,19,11,,,0,11,,12,4,,,0,293,,20,11,,,0,280,,21,11,,,0,600,,23,11,,,0
100,'Semaine-05',618,,170,11,,,0,39,,171,12,,,0,60,,172,11,,,0,12,,173,11,,,0,17,,169,12,,,0,56,,167,11,,,0,15,,174,12,,,0,25,,175,11,,,0,11,,168,4,,,0,293,,176,11,,,0,280,,177,11,,,0,600,,179,11,,,0
101,'Dimanche-05',1355,,180,7,0,5,0,400,,181,7,0,5,0,270,,182,7,0,5,0
101,'Fête-1-01',1356,,27,7,0,5,0,400,,28,7,0,5,0,270,,29,7,0,5,0
101,'Samedi-05',956,,183,7,0,5,0,400,,184,7,0,5,0,400,,185,7,0,5,0,500,,186,7,0,5,0
101,'Semaine-04',1024,,37,7,0,5,0,235,,38,7,0,5,0,281,,39,7,0,5,0,75,,40,7,0,5,0,36,,41,7,0,5,0,58,,34,7,,,0,20,,42,7,0,5,0,21,,43,7,,,0,59,,44,7,0,5,0,25,,45,7,,,0,25,,46,7,0,5,0,285,,47,7,0,5,0
101,'Semaine-05',1024,,190,7,0,5,0,235,,191,7,0,5,0,281,,192,7,0,5,0,75,,193,7,0,5,0,36,,194,7,0,5,0,58,,187,7,,,0,20,,195,7,0,5,0,21,,196,7,,,0,59,,197,7,0,5,0,25,,198,7,,,0,25,,199,7,0,5,0,285,,200,7,0,5,0
