'TRAIN-H25-TRKPI-Semaine-05',500,55500,,'',0,8200,,'',0,2000,,'',0,7100,,'',0,7200,,'',0,2500,,'',0,2500,,'',0,18000,,'',0,29000,,'',0
'TRAIN-H25-TRKPI-Semaine-05',501,101500,4,'',0,28500,4,'',0,31600,4,'',0,1900,4,'',0,2100,4,'',0,7100,4,'',0,3000,4,'',0,7800,4,'',0,6500,4,'',0
'TRAIN-H25-TRKPI-Semaine-06',500,55500,,'',0,8200,,'',0,2000,,'',0,7100,,'',0,7200,,'',0,2500,,'',0,2500,,'',0,18000,,'',0,29000,,'',0
'TRAIN-H25-TRKPI-Semaine-06',501,101500,4,'',0,28500,4,'',0,31600,4,'',0,1900,4,'',0,2100,4,'',0,7100,4,'',0,3000,4,'',0,7800,4,'',0,6500,4,'',0
'TRAIN-H25-TRKPI-Semaine-07',500,55500,,'',0,8200,,'',0,2000,,'',0,7100,,'',0,7200,,'',0,2500,,'',0,2500,,'',0,18000,,'',0,29000,,'',0
'TRAIN-H25-TRKPI-Semaine-07',501,101500,4,'',0,28500,4,'',0,31600,4,'',0,1900,4,'',0,2100,4,'',0,7100,4,'',0,3000,4,'',0,7800,4,'',0,6500,4,'',0
'TRAIN-H25-TRKPI-Semaine-08',500,55500,,'',0,8200,,'',0,2000,,'',0,7100,,'',0,7200,,'',0,2500,,'',0,2500,,'',0,18000,,'',0,29000,,'',0
'TRAIN-H25-TRKPI-Semaine-08',501,101500,4,'',0,28500,4,'',0,31600,4,'',0,1900,4,'',0,2100,4,'',0,7100,4,'',0,3000,4,'',0,7800,4,'',0,6500,4,'',0
'TRAIN-H25-TRKPI-Semaine-09',500,55500,,'',0,8200,,'',0,2000,,'',0,7100,,'',0,7200,,'',0,2500,,'',0,2500,,'',0,18000,,'',0,29000,,'',0
'TRAIN-H25-TRKPI-Semaine-09',501,101500,4,'',0,28500,4,'',0,31600,4,'',0,1900,4,'',0,2100,4,'',0,7100,4,'',0,3000,4,'',0,7800,4,'',0,6500,4,'',0
