100,'Dimanche-05',1147,,160,6,,,0,400,,161,6,,,0,355,,162,6,,,0
100,'Fête-1-01',1147,,4,6,,,0,400,,5,6,,,0,355,,6,6,,,0
100,'Samedi-05',817,,163,6,,,0,300,,164,6,,,0,500,,165,6,,,0,300,,166,6,,,0
100,'Semaine-05',603,,170,6,,,0,39,,171,7,,,0,60,,172,6,,,0,11,,173,6,,,0,17,,169,7,,,0,17,,167,6,,,0,55,,174,7,,,0,25,,175,6,,,0,304,,176,6,,,0,280,,177,6,,,0,303,,178,4,,,0,297,,179,6,,,0
100,'Semaine-06',603,,304,6,,,0,39,,305,7,,,0,60,,306,6,,,0,11,,307,6,,,0,17,,303,7,,,0,17,,301,6,,,0,55,,308,7,,,0,25,,309,6,,,0,304,,310,6,,,0,280,,311,6,,,0,303,,312,4,,,0,297,,313,6,,,0
101,'Dimanche-05',1409,,180,12,0,5,0,400,,181,12,0,5,0,230,,182,12,0,5,0
101,'Fête-1-01',1410,,27,12,0,5,0,400,,28,12,0,5,0,230,,29,12,0,5,0
101,'Samedi-05',1010,,183,12,0,5,0,400,,184,12,0,5,0,400,,185,12,0,5,0,500,,186,12,0,5,0
101,'Semaine-05',740,,188,8,0,5,0,300,,190,12,0,5,0,274,,191,12,0,5,0,242,,192,12,0,5,0,74,,193,12,0,5,0,76,,194,12,0,5,0,20,,187,12,,,0,19,,195,12,0,5,0,61,,196,12,,,0,19,,197,12,0,5,0,25,,198,12,,,0,64,,199,12,0,5,0,245,,200,12,0,5,0
101,'Semaine-06',740,,315,8,0,5,0,300,,317,12,0,5,0,274,,318,12,0,5,0,242,,319,12,0,5,0,74,,320,12,0,5,0,76,,321,12,0,5,0,20,,314,12,,,0,19,,322,12,0,5,0,61,,323,12,,,0,19,,324,12,0,5,0,25,,325,12,,,0,64,,326,12,0,5,0,245,,327,12,0,5,0
