100,'Dimanche-05',1137,,160,3,,,0,400,,161,3,,,0,315,,162,3,,,0
100,'Fête-1-01',1137,,4,3,,,0,400,,5,3,,,0,315,,6,3,,,0
100,'Samedi-05',807,,163,3,,,0,300,,164,3,,,0,500,,165,3,,,0,300,,166,3,,,0
100,'Semaine-04',552,,14,3,,,0,80,,15,4,,,0,20,,16,3,,,0,50,,17,3,,,0,18,,13,4,,,0,17,,11,3,,,0,15,,18,4,,,0,65,,19,3,,,0,305,,20,3,,,0,280,,21,3,,,0,600,,23,3,,,0
100,'Semaine-05',552,,170,3,,,0,80,,171,4,,,0,20,,172,3,,,0,50,,173,3,,,0,18,,169,4,,,0,17,,167,3,,,0,15,,174,4,,,0,65,,175,3,,,0,305,,176,3,,,0,280,,177,3,,,0,600,,179,3,,,0
101,'Dimanche-05',1420,,180,15,0,5,0,400,,181,15,0,5,0,230,,182,15,0,5,0
101,'Fête-1-01',1421,,27,15,0,5,0,400,,28,15,0,5,0,230,,29,15,0,5,0
101,'Samedi-05',1021,,183,15,0,5,0,400,,184,15,0,5,0,400,,185,15,0,5,0,500,,186,15,0,5,0
101,'Semaine-04',751,,35,11,0,5,0,299,,37,15,0,5,0,275,,38,15,0,5,0,282,,39,15,0,5,0,35,,40,15,0,5,0,76,,41,15,0,5,0,20,,34,15,,,0,19,,42,15,0,5,0,61,,43,15,,,0,17,,44,15,0,5,0,65,41,45,15,,,0,25,,46,15,0,5,0,285,,47,15,0,5,0
101,'Semaine-05',751,,188,11,0,5,0,299,,190,15,0,5,0,275,,191,15,0,5,0,282,,192,15,0,5,0,35,,193,15,0,5,0,76,,194,15,0,5,0,20,,187,15,,,0,19,,195,15,0,5,0,61,,196,15,,,0,17,,197,15,0,5,0,65,41,198,15,,,0,25,,199,15,0,5,0,285,,200,15,0,5,0
