100,'Dimanche-01',1200,40,404,10,,,0,400,40,405,10,,,0,315,,406,10,,,0
100,'Fête-1-01',1200,40,407,10,,,0,400,40,408,10,,,0,315,,409,10,,,0
100,'Samedi-01',830,,410,10,,,0,300,,411,10,,,0,500,,412,10,,,0,300,,413,10,,,0
100,'Semaine-01',616,,417,10,,,0,39,,418,11,,,0,60,,419,10,,,0,12,,420,10,,,0,17,,416,11,,,0,56,41,414,10,,,0,15,,421,11,,,0,25,,422,10,,,0,11,,415,3,,,0,293,,423,10,,,0,280,,424,10,,,0,299,,425,6,,,0,301,,426,10,,,0
100,'Semaine-02',616,,566,10,,,0,39,,567,11,,,0,60,,568,10,,,0,12,,569,10,,,0,17,,565,11,,,0,56,41,563,10,,,0,15,,570,11,,,0,25,,571,10,,,0,11,,564,3,,,0,293,,572,10,,,0,280,,573,10,,,0,299,,574,6,,,0,301,,575,10,,,0
101,'Dimanche-01',1357,,427,8,0,5,0,400,,428,8,0,5,0,270,,429,8,0,5,0
101,'Fête-1-01',1358,,430,8,0,5,0,400,,431,8,0,5,0,270,,432,8,0,5,0
101,'Samedi-01',958,,433,8,0,5,0,400,,434,8,0,5,0,400,,435,8,0,5,0,500,,436,8,0,5,0
101,'Semaine-01',731,,438,6,0,5,0,84,,439,6,0,8,0,212,,440,8,0,5,0,274,,441,8,0,5,0,241,,442,8,0,5,0,75,,443,8,0,5,0,35,,444,8,0,5,0,60,,437,8,,,0,19,,445,8,0,5,0,22,,446,8,,,0,58,,447,8,0,5,0,25,,448,8,,,0,65,,449,8,0,5,0,245,,450,8,0,5,0
101,'Semaine-02',731,,577,6,0,5,0,84,,578,6,0,8,0,212,,579,8,0,5,0,274,,580,8,0,5,0,241,,581,8,0,5,0,75,,582,8,0,5,0,35,,583,8,0,5,0,60,,576,8,,,0,19,,584,8,0,5,0,22,,585,8,,,0,58,,586,8,0,5,0,25,,587,8,,,0,65,,588,8,0,5,0,245,,589,8,0,5,0
