400,'Dimanche-01',829,,465,7,0,6,0,205,,466,7,0,6,0,205,,467,7,0,6,0,365,,468,7,0,6,0,205,,469,7,0,6,0,210,,470,7,0,6,0
400,'Fête-1-01',829,,471,7,0,6,0,205,,472,7,0,6,0,205,,473,7,0,6,0,365,,474,7,0,6,0,205,,475,7,0,6,0,210,,476,7,0,6,0
400,'Samedi-01',829,,477,7,0,6,0,205,,478,7,0,6,0,205,,479,7,0,6,0,365,,480,7,0,6,0,205,,481,7,0,6,0,210,,482,7,0,6,0
400,'Semaine-01',550,,483,7,,,0,97,,484,7,,,0,65,,485,7,,,0,35,,486,7,,,0,60,,487,7,,,0,105,,488,7,0,7,0,221,,489,7,0,7,0,221,,490,7,0,7,0,273,,491,7,,,0,120,,492,6,,,0,72,,495,6,,,0,112,,493,6,,,0,179,,496,6,,,0,104,,494,7,,,0
400,'Semaine-02',550,,604,7,,,0,97,,605,7,,,0,65,,606,7,,,0,35,,607,7,,,0,60,,608,7,,,0,105,,609,7,0,7,0,221,,610,7,0,7,0,221,,611,7,0,7,0,273,,612,7,,,0,120,,613,6,,,0,72,,616,6,,,0,112,,614,6,,,0,179,,617,6,,,0,104,,615,7,,,0
401,'Dimanche-01',906,,497,2,,,0,205,,498,2,,,0,205,,499,2,,,0,325,,500,2,,,0,205,,501,2,,,0,295,,502,2,,,0
401,'Fête-1-01',906,,503,2,,,0,205,,504,2,,,0,205,,505,2,,,0,325,,506,2,,,0,205,,507,2,,,0,295,,508,2,,,0
401,'Samedi-01',906,,509,2,,,0,205,,510,2,,,0,205,,511,2,,,0,325,,512,2,,,0,205,,513,2,,,0,295,,514,2,,,0
401,'Semaine-01',739,,515,8,,,0,267,,524,5,,,0,222,,525,5,,,0,221,,526,5,,,0,151,40,516,8,,,0,52,,517,8,,,0,70,,518,8,,,0,35,,519,8,,,0,75,,520,8,,,0,98,,521,8,,,0,88,,527,8,,,0,135,,522,8,,,0,100,,528,8,,,0,105,,523,8,,,0
401,'Semaine-02',739,,618,8,,,0,267,,627,5,,,0,222,,628,5,,,0,221,,629,5,,,0,151,40,619,8,,,0,52,,620,8,,,0,70,,621,8,,,0,35,,622,8,,,0,75,,623,8,,,0,98,,624,8,,,0,88,,630,8,,,0,135,,625,8,,,0,100,,631,8,,,0,105,,626,8,,,0
