400,'Dimanche-01',808,,465,3,0,6,0,205,,466,3,0,6,0,205,,467,3,0,6,0,325,,468,3,0,6,0,205,,469,3,0,6,0,210,,470,3,0,6,0
400,'Fête-1-01',808,,471,3,0,6,0,205,,472,3,0,6,0,205,,473,3,0,6,0,325,,474,3,0,6,0,205,,475,3,0,6,0,210,,476,3,0,6,0
400,'Samedi-01',808,,477,3,0,6,0,205,,478,3,0,6,0,205,,479,3,0,6,0,325,,480,3,0,6,0,205,,481,3,0,6,0,210,,482,3,0,6,0
400,'Semaine-01',530,,483,3,,,0,95,,484,3,,,0,25,,485,3,,,0,75,,486,3,,,0,20,,487,3,,,0,107,,488,3,0,7,0,261,,489,3,0,7,0,221,,490,3,0,7,0,225,,491,3,,,0,161,,492,2,,,0,38,,495,2,,,0,150,,493,2,,,0,143,,496,2,,,0,101,,494,3,,,0
400,'Semaine-02',530,,604,3,,,0,95,,605,3,,,0,25,,606,3,,,0,75,,607,3,,,0,20,,608,3,,,0,107,,609,3,0,7,0,261,,610,3,0,7,0,221,,611,3,0,7,0,225,,612,3,,,0,161,,613,2,,,0,38,,616,2,,,0,150,,614,2,,,0,143,,617,2,,,0,101,,615,3,,,0
401,'Dimanche-01',926,,497,6,,,0,205,,498,6,,,0,205,,499,6,,,0,365,,500,6,,,0,205,,501,6,,,0,295,,502,6,,,0
401,'Fête-1-01',926,,503,6,,,0,205,,504,6,,,0,205,,505,6,,,0,365,,506,6,,,0,205,,507,6,,,0,295,,508,6,,,0
401,'Samedi-01',926,,509,6,,,0,205,,510,6,,,0,205,,511,6,,,0,365,,512,6,,,0,205,,513,6,,,0,295,,514,6,,,0
401,'Semaine-01',809,,515,12,,,0,219,,524,9,,,0,221,,525,9,,,0,261,,526,9,,,0,111,,516,12,,,0,94,,517,12,,,0,30,,518,12,,,0,75,,519,12,,,0,35,,520,12,,,0,96,,521,12,,,0,88,,527,12,,,0,175,,522,12,,,0,100,,528,12,,,0,105,,523,12,,,0
401,'Semaine-02',809,,618,12,,,0,219,,627,9,,,0,221,,628,9,,,0,261,,629,9,,,0,111,,619,12,,,0,94,,620,12,,,0,30,,621,12,,,0,75,,622,12,,,0,35,,623,12,,,0,96,,624,12,,,0,88,,630,12,,,0,175,,625,12,,,0,100,,631,12,,,0,105,,626,12,,,0
