100,'Dimanche-01',1135,,404,2,,,0,400,,405,2,,,0,315,,406,2,,,0
100,'Fête-1-01',1135,,407,2,,,0,400,,408,2,,,0,315,,409,2,,,0
100,'Samedi-01',805,,410,2,,,0,300,,411,2,,,0,500,,412,2,,,0,300,,413,2,,,0
100,'Semaine-01',550,,417,2,,,0,80,,418,3,,,0,20,,419,2,,,0,50,41,420,2,,,0,17,,416,3,,,0,18,,414,2,,,0,15,,421,3,,,0,65,,422,2,,,0,305,,423,2,,,0,280,41,424,2,,,0,305,,425,2,,,0,295,41,426,2,,,0
100,'Semaine-02',550,,566,2,,,0,80,,567,3,,,0,20,,568,2,,,0,50,41,569,2,,,0,17,,565,3,,,0,18,,563,2,,,0,15,,570,3,,,0,65,,571,2,,,0,305,,572,2,,,0,280,41,573,2,,,0,305,,574,2,,,0,295,41,575,2,,,0
101,'Dimanche-01',1422,,427,16,0,5,0,400,,428,16,0,5,0,230,,429,16,0,5,0
101,'Fête-1-01',1423,,430,16,0,5,0,400,,431,16,0,5,0,230,,432,16,0,5,0
101,'Samedi-01',1023,,433,16,0,5,0,400,,434,16,0,5,0,400,,435,16,0,5,0,500,,436,16,0,5,0
101,'Semaine-01',753,,438,12,0,5,0,300,,440,16,0,5,0,275,,441,16,0,5,0,282,,442,16,0,5,0,35,,443,16,0,5,0,76,,444,16,0,5,0,19,,437,16,,,0,60,41,445,16,0,5,0,20,,446,16,,,0,18,,447,16,0,5,0,65,,448,16,,,0,25,,449,16,0,5,0,285,,450,16,0,5,0
101,'Semaine-02',753,,577,12,0,5,0,300,,579,16,0,5,0,275,,580,16,0,5,0,282,,581,16,0,5,0,35,,582,16,0,5,0,76,,583,16,0,5,0,19,,576,16,,,0,60,41,584,16,0,5,0,20,,585,16,,,0,18,,586,16,0,5,0,65,,587,16,,,0,25,,588,16,0,5,0,285,,589,16,0,5,0
