400,'Dimanche-01',816,,465,4,0,6,0,205,,466,4,0,6,0,205,,467,4,0,6,0,325,,468,4,0,6,0,205,,469,4,0,6,0,250,,470,4,0,6,0
400,'Fête-1-01',816,,471,4,0,6,0,205,,472,4,0,6,0,205,,473,4,0,6,0,325,,474,4,0,6,0,205,,475,4,0,6,0,250,,476,4,0,6,0
400,'Samedi-01',816,,477,4,0,6,0,205,,478,4,0,6,0,205,,479,4,0,6,0,325,,480,4,0,6,0,205,,481,4,0,6,0,250,,482,4,0,6,0
400,'Semaine-01',538,,483,4,,,0,96,,484,4,,,0,25,,485,4,,,0,75,,486,4,,,0,20,,487,4,,,0,146,40,488,4,0,7,0,221,,489,4,0,7,0,221,,490,4,0,7,0,267,,491,4,,,0,120,,492,3,,,0,76,,495,3,,,0,112,,493,3,,,0,142,,496,3,,,0,141,40,494,4,,,0
400,'Semaine-02',538,,604,4,,,0,96,,605,4,,,0,25,,606,4,,,0,75,,607,4,,,0,20,,608,4,,,0,146,40,609,4,0,7,0,221,,610,4,0,7,0,221,,611,4,0,7,0,267,,612,4,,,0,120,,613,3,,,0,76,,616,3,,,0,112,,614,3,,,0,142,,617,3,,,0,141,40,615,4,,,0
401,'Dimanche-01',918,,497,5,,,0,205,,498,5,,,0,205,,499,5,,,0,325,,500,5,,,0,205,,501,5,,,0,295,,502,5,,,0
401,'Fête-1-01',918,,503,5,,,0,205,,504,5,,,0,205,,505,5,,,0,325,,506,5,,,0,205,,507,5,,,0,295,,508,5,,,0
401,'Samedi-01',918,,509,5,,,0,205,,510,5,,,0,205,,511,5,,,0,325,,512,5,,,0,205,,513,5,,,0,295,,514,5,,,0
401,'Semaine-01',800,40,515,11,,,0,219,,524,8,,,0,221,,525,8,,,0,261,,526,8,,,0,112,,516,11,,,0,93,,517,11,,,0,30,,518,11,,,0,75,,519,11,,,0,35,,520,11,,,0,96,,521,11,,,0,88,,527,11,,,0,175,,522,11,,,0,100,,528,11,,,0,105,,523,11,,,0
401,'Semaine-02',800,40,618,11,,,0,219,,627,8,,,0,221,,628,8,,,0,261,,629,8,,,0,112,,619,11,,,0,93,,620,11,,,0,30,,621,11,,,0,75,,622,11,,,0,35,,623,11,,,0,96,,624,11,,,0,88,,630,11,,,0,175,,625,11,,,0,100,,631,11,,,0,105,,626,11,,,0
