100,'Dimanche-01',1218,,404,15,,,0,400,,405,15,,,0,315,,406,15,,,0
100,'Samedi-01',848,,410,15,,,0,300,,411,15,,,0,500,,412,15,,,0,300,,413,15,,,0
100,'Semaine-03',635,,669,15,,,0,79,,670,16,,,0,20,,671,15,,,0,12,,672,15,,,0,58,,668,16,,,0,15,,666,15,,,0,16,,673,16,,,0,24,,674,15,,,0,49,,667,8,,,0,294,,675,15,,,0,240,,676,15,,,0,296,,677,9,,,0,304,,678,15,,,0
101,'Dimanche-01',1340,,427,3,0,5,0,400,,428,3,0,5,0,270,,429,3,0,5,0
101,'Samedi-01',941,,433,3,0,5,0,400,,434,3,0,5,0,400,,435,3,0,5,0,500,,436,3,0,5,0
101,'Semaine-03',716,,680,3,0,5,0,85,,681,3,0,8,0,206,,682,3,0,5,0,235,,683,3,0,5,0,280,,684,3,0,5,0,36,,685,3,0,5,0,75,,686,3,0,5,0,19,,679,3,,,0,60,,687,3,0,5,0,20,,688,3,,,0,20,,689,3,0,5,0,65,,690,3,,,0,25,,691,3,0,5,0,285,,692,3,0,5,0
400,'Semaine-03',624,,707,12,,,0,98,,708,12,,,0,27,,709,12,,,0,73,,710,12,,,0,20,,711,12,,,0,817,,715,12,,,0,159,,716,11,,,0,31,,719,11,,,0,153,,717,11,,,0,141,,720,11,,,0,104,,718,12,,,0
401,'Semaine-03',708,,721,3,,,0,818,,722,3,,,0,90,,723,3,,,0,30,,724,3,,,0,75,,725,3,,,0,35,,726,3,,,0,99,,727,3,,,0,90,,733,3,,,0,175,,728,3,,,0,100,,734,3,,,0,105,,729,3,,,0
500,'Semaine-03',624,,735,7,,,0,82,,736,7,,,0,22,,737,7,,,0,30,,738,7,,,0,72,,739,7,,,0,25,,740,7,,,0,65,,741,7,,,0,181,,742,7,,,0,250,,743,7,,,0
501,'Semaine-03',945,,744,3,,,0,285,,745,3,,,0,316,,746,3,,,0,60,,747,3,,,0,20,,748,3,,,0,31,,749,3,,,0,69,,750,3,,,0,80,,751,3,,,0,25,,752,3,,,0
