100,'Dimanche-01',1212,,404,14,,,0,400,,405,14,,,0,315,,406,14,,,0
100,'Fête-1-01',1212,,407,14,,,0,400,,408,14,,,0,315,,409,14,,,0
100,'Samedi-01',842,,410,14,,,0,300,,411,14,,,0,500,,412,14,,,0,300,,413,14,,,0
100,'Semaine-01',628,,417,14,,,0,79,,418,15,,,0,20,,419,14,,,0,12,,420,14,,,0,16,,416,15,,,0,57,,414,14,,,0,16,,421,15,,,0,24,,422,14,,,0,49,,415,7,,,0,254,,423,14,,,0,280,,424,14,,,0,296,,425,8,,,0,304,,426,14,,,0
100,'Semaine-02',628,,566,14,,,0,79,,567,15,,,0,20,,568,14,,,0,12,,569,14,,,0,16,,565,15,,,0,57,,563,14,,,0,16,,570,15,,,0,24,,571,14,,,0,49,,564,7,,,0,254,,572,14,,,0,280,,573,14,,,0,296,,574,8,,,0,304,,575,14,,,0
101,'Dimanche-01',1346,,427,4,0,5,0,400,,428,4,0,5,0,270,,429,4,0,5,0
101,'Fête-1-01',1347,,430,4,0,5,0,400,,431,4,0,5,0,270,,432,4,0,5,0
101,'Samedi-01',947,,433,4,0,5,0,400,,434,4,0,5,0,400,,435,4,0,5,0,500,,436,4,0,5,0
101,'Semaine-01',722,,438,4,0,5,0,85,,439,4,0,8,0,207,,440,4,0,5,0,234,,441,4,0,5,0,281,,442,4,0,5,0,76,,443,4,0,5,0,35,,444,4,0,5,0,19,2,437,4,,,0,60,,445,4,0,5,0,21,2,446,4,,,0,19,,447,4,0,5,0,65,2,448,4,,,0,24,,449,4,0,5,0,285,,450,4,0,5,0
101,'Semaine-02',722,,577,4,0,5,0,85,,578,4,0,8,0,207,,579,4,0,5,0,234,,580,4,0,5,0,281,,581,4,0,5,0,76,,582,4,0,5,0,35,,583,4,0,5,0,19,2,576,4,,,0,60,,584,4,0,5,0,21,2,585,4,,,0,19,,586,4,0,5,0,65,2,587,4,,,0,24,,588,4,0,5,0,285,,589,4,0,5,0
