400,'Dimanche-05',821,,215,5,0,6,0,205,,216,5,0,6,0,205,,217,5,0,6,0,325,,218,5,0,6,0,245,,219,5,0,6,0,210,,220,5,0,6,0
400,'Fête-1-01',821,,68,5,0,6,0,205,,69,5,0,6,0,205,,70,5,0,6,0,325,,71,5,0,6,0,245,,72,5,0,6,0,210,,73,5,0,6,0
400,'Samedi-05',821,,221,5,0,6,0,205,,222,5,0,6,0,205,,223,5,0,6,0,325,,224,5,0,6,0,245,,225,5,0,6,0,210,,226,5,0,6,0
400,'Semaine-04',542,,80,5,,,0,96,,81,5,,,0,65,,82,5,,,0,35,,83,5,,,0,20,,84,5,,,0,146,,85,5,0,7,0,221,,86,5,0,7,0,221,,87,5,0,7,0,272,,88,5,,,0,120,,89,4,,,0,74,,92,4,,,0,110,,90,4,,,0,181,,93,4,,,0,103,,91,5,,,0
400,'Semaine-05',542,,227,5,,,0,96,,228,5,,,0,65,,229,5,,,0,35,,230,5,,,0,20,,231,5,,,0,146,,232,5,0,7,0,221,,233,5,0,7,0,221,,234,5,0,7,0,272,,235,5,,,0,120,,236,4,,,0,74,,239,4,,,0,110,,237,4,,,0,181,,240,4,,,0,103,,238,5,,,0
401,'Dimanche-05',913,,241,4,,,0,205,,242,4,,,0,205,,243,4,,,0,325,,244,4,,,0,205,,245,4,,,0,295,,246,4,,,0
401,'Fête-1-01',914,,100,4,,,0,205,,101,4,,,0,205,,102,4,,,0,325,,103,4,,,0,205,,104,4,,,0,295,,105,4,,,0
401,'Samedi-05',914,,247,4,,,0,205,,248,4,,,0,205,,249,4,,,0,325,,250,4,,,0,205,,251,4,,,0,295,,252,4,,,0
401,'Semaine-04',752,,112,10,,,0,262,,121,7,,,0,222,,122,7,,,0,221,,123,7,,,0,152,,113,10,,,0,92,,114,10,,,0,30,,115,10,,,0,75,,116,10,,,0,35,,117,10,,,0,96,,118,10,,,0,88,,124,10,,,0,175,40,119,10,,,0,100,40,125,10,,,0,105,,120,10,,,0
401,'Semaine-05',752,,253,10,,,0,262,,262,7,,,0,222,,263,7,,,0,221,,264,7,,,0,152,,254,10,,,0,92,,255,10,,,0,30,,256,10,,,0,75,,257,10,,,0,35,,258,10,,,0,96,,259,10,,,0,88,,265,10,,,0,175,40,260,10,,,0,100,40,266,10,,,0,105,,261,10,,,0
