100,'Dimanche-05',1230,,160,17,4,,0,400,,161,17,4,,0,315,,162,17,4,,0
100,'Samedi-05',900,,163,17,4,,0,300,,164,17,4,,0,500,,165,17,4,,0,300,,166,17,4,,0
100,'Semaine-06',649,,304,17,4,,0,80,,305,18,4,,0,22,,306,17,4,,0,51,,307,17,4,,0,18,,303,18,4,,0,14,,301,17,4,,0,15,,308,18,4,,0,64,,309,17,4,,0,10,,302,10,4,,0,293,,310,17,4,,0,240,,311,17,4,,0,296,,312,11,4,,0,304,,313,17,4,,0
101,'Dimanche-05',1329,,180,1,0,5,0,400,,181,1,0,5,0,230,,182,1,0,5,0
101,'Samedi-05',930,,183,1,0,5,0,400,,184,1,0,5,0,400,,185,1,0,5,0,500,,186,1,0,5,0
101,'Semaine-06',705,,315,1,0,5,0,45,,316,1,0,8,0,205,,317,1,0,5,0,275,,318,1,0,5,0,280,,319,1,0,5,0,35,,320,1,0,5,0,75,,321,1,0,5,0,20,,314,1,,,0,60,,322,1,0,5,0,20,,323,1,,,0,20,,324,1,0,5,0,65,,325,1,,,0,25,,326,1,0,5,0,285,,327,1,0,5,0
400,'Semaine-06',638,,342,14,4,,0,98,,343,14,4,,0,68,,344,14,4,,0,31,,345,14,4,,0,20,,346,14,4,,0,857,,350,14,4,,0,119,,351,13,4,,0,71,,354,13,4,,0,113,,352,13,4,,0,141,,355,13,4,,0,144,,353,14,4,,0
401,'Semaine-06',657,,356,1,,,0,858,,357,1,,,0,90,,358,1,,,0,30,,359,1,,,0,75,,360,1,,,0,35,,361,1,,,0,100,,362,1,,,0,90,,368,1,,,0,175,,363,1,,,0,100,,369,1,,,0,105,,364,1,,,0
500,'Semaine-06',635,,370,9,4,,0,83,,371,9,4,,0,22,,372,9,4,,0,70,,373,9,4,,0,31,,374,9,4,,0,65,,375,9,4,,0,26,,376,9,4,,0,179,,377,9,4,,0,290,,378,9,4,,0
501,'Semaine-06',935,,379,1,,,0,285,,380,1,,,0,315,,381,1,,,0,20,,382,1,,,0,60,,383,1,,,0,30,,384,1,,,0,70,,385,1,,,0,40,,386,1,,,0,65,,387,1,,,0
