100,'Dimanche-01',1205,,404,12,,,0,400,,405,12,,,0,315,,406,12,,,0
100,'Fête-1-01',1205,,407,12,,,0,400,,408,12,,,0,315,,409,12,,,0
100,'Samedi-01',835,,410,12,,,0,300,,411,12,,,0,500,,412,12,,,0,300,,413,12,,,0
100,'Semaine-01',621,,417,12,,,0,79,41,418,13,,,0,20,,419,12,,,0,12,,420,12,,,0,17,,416,13,,,0,56,,414,12,,,0,16,,421,13,,,0,24,,422,12,,,0,10,,415,5,,,0,295,,423,12,,,0,280,,424,12,,,0,600,,426,12,,,0
100,'Semaine-02',621,,566,12,,,0,79,41,567,13,,,0,20,,568,12,,,0,12,,569,12,,,0,17,,565,13,,,0,56,,563,12,,,0,16,,570,13,,,0,24,,571,12,,,0,10,,564,5,,,0,295,,572,12,,,0,280,,573,12,,,0,600,,575,12,,,0
101,'Dimanche-01',1352,,427,6,0,5,0,400,,428,6,0,5,0,270,,429,6,0,5,0
101,'Fête-1-01',1353,,430,6,0,5,0,400,,431,6,0,5,0,270,,432,6,0,5,0
101,'Samedi-01',953,,433,6,0,5,0,400,,434,6,0,5,0,400,,435,6,0,5,0,500,,436,6,0,5,0
101,'Semaine-01',1021,,440,6,0,5,0,234,,441,6,0,5,0,281,,442,6,0,5,0,75,,443,6,0,5,0,36,,444,6,0,5,0,59,,437,6,,,0,20,,445,6,0,5,0,21,,446,6,,,0,59,,447,6,0,5,0,25,,448,6,,,0,24,,449,6,0,5,0,285,,450,6,0,5,0
101,'Semaine-02',1021,,579,6,0,5,0,234,,580,6,0,5,0,281,,581,6,0,5,0,75,,582,6,0,5,0,36,,583,6,0,5,0,59,,576,6,,,0,20,,584,6,0,5,0,21,,585,6,,,0,59,,586,6,0,5,0,25,,587,6,,,0,24,,588,6,0,5,0,285,,589,6,0,5,0
