400,'Dimanche-01',825,,465,6,0,6,0,205,,466,6,0,6,0,205,,467,6,0,6,0,365,40,468,6,0,6,0,205,,469,6,0,6,0,210,,470,6,0,6,0
400,'Fête-1-01',825,,471,6,0,6,0,205,,472,6,0,6,0,205,,473,6,0,6,0,365,40,474,6,0,6,0,205,,475,6,0,6,0,210,,476,6,0,6,0
400,'Samedi-01',825,,477,6,0,6,0,205,,478,6,0,6,0,205,,479,6,0,6,0,365,40,480,6,0,6,0,205,,481,6,0,6,0,210,,482,6,0,6,0
400,'Semaine-01',546,,483,6,,,0,96,,484,6,,,0,65,,485,6,,,0,35,,486,6,,,0,60,,487,6,,,0,105,,488,6,0,7,0,221,,489,6,0,7,0,221,,490,6,0,7,0,273,,491,6,,,0,120,,492,5,,,0,73,,495,5,,,0,111,,493,5,,,0,180,,496,5,,,0,104,,494,6,,,0
400,'Semaine-02',546,,604,6,,,0,96,,605,6,,,0,65,,606,6,,,0,35,,607,6,,,0,60,,608,6,,,0,105,,609,6,0,7,0,221,,610,6,0,7,0,221,,611,6,0,7,0,273,,612,6,,,0,120,,613,5,,,0,73,,616,5,,,0,111,,614,5,,,0,180,,617,5,,,0,104,,615,6,,,0
401,'Dimanche-01',910,,497,3,,,0,205,,498,3,,,0,205,,499,3,,,0,325,,500,3,,,0,205,,501,3,,,0,295,,502,3,,,0
401,'Fête-1-01',910,,503,3,,,0,205,,504,3,,,0,205,,505,3,,,0,325,,506,3,,,0,205,,507,3,,,0,295,,508,3,,,0
401,'Samedi-01',910,,509,3,,,0,205,,510,3,,,0,205,,511,3,,,0,325,,512,3,,,0,205,,513,3,,,0,295,,514,3,,,0
401,'Semaine-01',748,,515,9,,,0,262,,524,6,,,0,222,,525,6,,,0,221,,526,6,,,0,152,,516,9,,,0,52,,517,9,,,0,70,,518,9,,,0,75,,519,9,,,0,35,,520,9,,,0,97,,521,9,,,0,87,,527,9,,,0,135,,522,9,,,0,100,,528,9,,,0,145,,523,9,,,0
401,'Semaine-02',748,,618,9,,,0,262,,627,6,,,0,222,,628,6,,,0,221,,629,6,,,0,152,,619,9,,,0,52,,620,9,,,0,70,,621,9,,,0,75,,622,9,,,0,35,,623,9,,,0,97,,624,9,,,0,87,,630,9,,,0,135,,625,9,,,0,100,,631,9,,,0,145,,626,9,,,0
