100,'Dimanche-01',1150,,404,7,,,0,400,,405,7,,,0,355,,406,7,,,0
100,'Fête-1-01',1150,,407,7,,,0,400,,408,7,,,0,355,,409,7,,,0
100,'Samedi-01',820,,410,7,,,0,300,,411,7,,,0,500,,412,7,,,0,300,,413,7,,,0
100,'Semaine-01',606,,417,7,,,0,39,,418,8,,,0,60,,419,7,,,0,11,,420,7,,,0,17,,416,8,,,0,17,,414,7,,,0,55,,421,8,,,0,25,,422,7,,,0,304,,423,7,,,0,280,,424,7,,,0,600,,426,7,,,0
100,'Semaine-02',606,,566,7,,,0,39,,567,8,,,0,60,,568,7,,,0,11,,569,7,,,0,17,,565,8,,,0,17,,563,7,,,0,55,,570,8,,,0,25,,571,7,,,0,304,,572,7,,,0,280,,573,7,,,0,600,,575,7,,,0
101,'Dimanche-01',1406,,427,11,0,5,0,400,,428,11,0,5,0,230,,429,11,0,5,0
101,'Fête-1-01',1407,,430,11,0,5,0,400,,431,11,0,5,0,230,,432,11,0,5,0
101,'Samedi-01',1007,,433,11,0,5,0,400,,434,11,0,5,0,400,,435,11,0,5,0,500,,436,11,0,5,0
101,'Semaine-01',1036,,440,11,0,5,0,275,,441,11,0,5,0,242,,442,11,0,5,0,74,,443,11,0,5,0,76,2,444,11,0,5,0,20,,437,11,,,0,19,,445,11,0,5,0,61,,446,11,,,0,18,,447,11,0,5,0,25,,448,11,,,0,65,,449,11,0,5,0,245,,450,11,0,5,0
101,'Semaine-02',1036,,579,11,0,5,0,275,,580,11,0,5,0,242,,581,11,0,5,0,74,,582,11,0,5,0,76,2,583,11,0,5,0,20,,576,11,,,0,19,,584,11,0,5,0,61,,585,11,,,0,18,,586,11,0,5,0,25,,587,11,,,0,65,,588,11,0,5,0,245,,589,11,0,5,0
