1,100,'Dimanche-01',404,405,406
1,100,'Fête-1-01',407,408,409
1,100,'Samedi-01',410,411,412,413
1,100,'Semaine-01',414,415,416,417,418,419,420,421,422,423,424,425,426
1,100,'Semaine-02',563,564,565,566,567,568,569,570,571,572,573,574,575
1,101,'Dimanche-01',427,428,429
1,101,'Fête-1-01',430,431,432
1,101,'Samedi-01',433,434,435,436
1,101,'Semaine-01',437,438,439,440,441,442,443,444,445,446,447,448,449,450
1,101,'Semaine-02',576,577,578,579,580,581,582,583,584,585,586,587,588,589
3,300,'Semaine-01',451,452,453,454,455,456,457
3,300,'Semaine-02',590,591,592,593,594,595,596
3,301,'Semaine-01',458,459,460,461,462,463,464
3,301,'Semaine-02',597,598,599,600,601,602,603
4,400,'Dimanche-01',465,466,467,468,469,470
4,400,'Fête-1-01',471,472,473,474,475,476
4,400,'Samedi-01',477,478,479,480,481,482
4,400,'Semaine-01',483,484,485,486,487,488,489,490,491,492,493,494,495,496
4,400,'Semaine-02',604,605,606,607,608,609,610,611,612,613,614,615,616,617
4,401,'Dimanche-01',497,498,499,500,501,502
4,401,'Fête-1-01',503,504,505,506,507,508
4,401,'Samedi-01',509,510,511,512,513,514
4,401,'Semaine-01',515,516,517,518,519,520,521,522,523,524,525,526,527,528
4,401,'Semaine-02',618,619,620,621,622,623,624,625,626,627,628,629,630,631
5,500,'Semaine-01',529,530,531,532,533,534,535,536,537
5,500,'Semaine-02',632,633,634,635,636,637,638,639,640
5,501,'Semaine-01',538,539,540,541,542,543,544,545,546
5,501,'Semaine-02',641,642,643,644,645,646,647,648,649
6,600,'Semaine-01',547,548,549,550,551,552,553,554
6,600,'Semaine-02',650,651,652,653,654,655,656,657
6,601,'Semaine-01',555,556,557,558,559,560,561,562
6,601,'Semaine-02',658,659,660,661,662,663,664,665
