100,'Dimanche-01',1144,,404,5,,,0,400,,405,5,,,0,315,,406,5,,,0
100,'Fête-1-01',1144,,407,5,,,0,400,,408,5,,,0,315,,409,5,,,0
100,'Samedi-01',814,,410,5,,,0,300,,411,5,,,0,500,,412,5,,,0,300,,413,5,,,0
100,'Semaine-01',559,,417,5,,,0,79,,418,6,,,0,20,,419,5,,,0,51,,420,5,,,0,17,,416,6,,,0,17,,414,5,,,0,15,,421,6,,,0,65,,422,5,,,0,305,,423,5,,,0,280,,424,5,,,0,302,,425,3,,,0,298,,426,5,,,0
100,'Semaine-02',559,,566,5,,,0,79,,567,6,,,0,20,,568,5,,,0,51,,569,5,,,0,17,,565,6,,,0,17,,563,5,,,0,15,,570,6,,,0,65,,571,5,,,0,305,,572,5,,,0,280,,573,5,,,0,302,,574,3,,,0,298,,575,5,,,0
101,'Dimanche-01',1412,,427,13,0,5,0,400,,428,13,0,5,0,230,,429,13,0,5,0
101,'Fête-1-01',1413,,430,13,0,5,0,400,,431,13,0,5,0,230,,432,13,0,5,0
101,'Samedi-01',1013,,433,13,0,5,0,400,,434,13,0,5,0,400,,435,13,0,5,0,500,,436,13,0,5,0
101,'Semaine-01',744,,438,9,0,5,0,300,,440,13,0,5,0,274,,441,13,0,5,0,282,41,442,13,0,5,0,34,,443,13,0,5,0,77,,444,13,0,5,0,19,,437,13,,,0,20,,445,13,0,5,0,60,,446,13,,,0,19,,447,13,0,5,0,24,,448,13,,,0,65,,449,13,0,5,0,286,,450,13,0,5,0
101,'Semaine-02',744,,577,9,0,5,0,300,,579,13,0,5,0,274,,580,13,0,5,0,282,41,581,13,0,5,0,34,,582,13,0,5,0,77,,583,13,0,5,0,19,,576,13,,,0,20,,584,13,0,5,0,60,,585,13,,,0,19,,586,13,0,5,0,24,,587,13,,,0,65,,588,13,0,5,0,286,,589,13,0,5,0
