100,'Dimanche-01',1141,,404,4,,,0,400,,405,4,,,0,315,,406,4,,,0
100,'Fête-1-01',1141,,407,4,,,0,400,,408,4,,,0,315,,409,4,,,0
100,'Samedi-01',811,,410,4,,,0,300,,411,4,,,0,500,,412,4,,,0,300,,413,4,,,0
100,'Semaine-01',556,,417,4,,,0,79,,418,5,,,0,20,,419,4,,,0,51,,420,4,,,0,17,,416,5,,,0,17,,414,4,,,0,15,,421,5,,,0,65,,422,4,,,0,305,,423,4,,,0,280,,424,4,,,0,600,,426,4,,,0
100,'Semaine-02',556,,566,4,,,0,79,,567,5,,,0,20,,568,4,,,0,51,,569,4,,,0,17,,565,5,,,0,17,,563,4,,,0,15,,570,5,,,0,65,,571,4,,,0,305,,572,4,,,0,280,,573,4,,,0,600,,575,4,,,0
101,'Dimanche-01',1416,,427,14,0,5,0,400,,428,14,0,5,0,230,,429,14,0,5,0
101,'Fête-1-01',1417,,430,14,0,5,0,400,,431,14,0,5,0,230,,432,14,0,5,0
101,'Samedi-01',1017,,433,14,0,5,0,400,,434,14,0,5,0,400,,435,14,0,5,0,500,,436,14,0,5,0
101,'Semaine-01',747,,438,10,0,5,0,300,,440,14,0,5,0,275,,441,14,0,5,0,281,,442,14,0,5,0,35,,443,14,0,5,0,76,,444,14,0,5,0,20,,437,14,,,0,19,,445,14,0,5,0,61,,446,14,,,0,18,,447,14,0,5,0,25,,448,14,,,0,65,,449,14,0,5,0,285,,450,14,0,5,0
101,'Semaine-02',747,,577,10,0,5,0,300,,579,14,0,5,0,275,,580,14,0,5,0,281,,581,14,0,5,0,35,,582,14,0,5,0,76,,583,14,0,5,0,20,,576,14,,,0,19,,584,14,0,5,0,61,,585,14,,,0,18,,586,14,0,5,0,25,,587,14,,,0,65,,588,14,0,5,0,285,,589,14,0,5,0
