100,'Dimanche-01',1154,,404,8,,,0,400,,405,8,,,0,355,,406,8,,,0
100,'Fête-1-01',1154,,407,8,,,0,400,,408,8,,,0,355,,409,8,,,0
100,'Samedi-01',824,,410,8,,,0,300,,411,8,,,0,500,,412,8,,,0,300,,413,8,,,0
100,'Semaine-01',610,,417,8,,,0,39,,418,9,,,0,60,,419,8,,,0,11,,420,8,,,0,17,,416,9,,,0,17,,414,8,,,0,55,,421,9,,,0,25,,422,8,,,0,11,,415,1,,,0,293,,423,8,,,0,280,,424,8,,,0,301,,425,5,,,0,299,,426,8,,,0
100,'Semaine-02',610,,566,8,,,0,39,,567,9,,,0,60,,568,8,,,0,11,,569,8,,,0,17,,565,9,,,0,17,,563,8,,,0,55,,570,9,,,0,25,,571,8,,,0,11,,564,1,,,0,293,,572,8,,,0,280,,573,8,,,0,301,,574,5,,,0,299,,575,8,,,0
101,'Dimanche-01',1403,,427,10,0,5,0,400,,428,10,0,5,0,230,,429,10,0,5,0
101,'Fête-1-01',1404,,430,10,0,5,0,400,,431,10,0,5,0,230,,432,10,0,5,0
101,'Samedi-01',1004,,433,10,0,5,0,400,,434,10,0,5,0,400,,435,10,0,5,0,500,,436,10,0,5,0
101,'Semaine-01',735,,438,7,0,5,0,87,,439,7,4,,0,210,,440,10,0,5,0,275,,441,10,0,5,0,242,,442,10,0,5,0,74,,443,10,0,5,0,36,,444,10,0,5,0,60,,437,10,,,0,19,,445,10,0,5,0,21,,446,10,,,0,58,,447,10,0,5,0,25,,448,10,,,0,65,,449,10,0,5,0,245,,450,10,0,5,0
101,'Semaine-02',735,,577,7,0,5,0,87,,578,7,4,,0,210,,579,10,0,5,0,275,,580,10,0,5,0,242,,581,10,0,5,0,74,,582,10,0,5,0,36,,583,10,0,5,0,60,,576,10,,,0,19,,584,10,0,5,0,21,,585,10,,,0,58,,586,10,0,5,0,25,,587,10,,,0,65,,588,10,0,5,0,245,,589,10,0,5,0
