100,'Dimanche-05',1157,,160,9,,,0,400,,161,9,,,0,355,,162,9,,,0
100,'Fête-1-01',1157,,4,9,,,0,400,,5,9,,,0,355,,6,9,,,0
100,'Samedi-05',827,,163,9,,,0,300,,164,9,,,0,500,,165,9,,,0,300,,166,9,,,0
100,'Semaine-05',613,,170,9,,,0,39,,171,10,,,0,60,,172,9,,,0,12,,173,9,,,0,17,,169,10,,,0,17,,167,9,,,0,54,,174,10,,,0,25,,175,9,,,0,11,,168,2,,,0,293,,176,9,,,0,280,,177,9,,,0,600,,179,9,,,0
100,'Semaine-06',613,,304,9,,,0,39,,305,10,,,0,60,,306,9,,,0,12,,307,9,,,0,17,,303,10,,,0,17,,301,9,,,0,54,,308,10,,,0,25,,309,9,,,0,11,,302,2,,,0,293,,310,9,,,0,280,,311,9,,,0,600,,313,9,,,0
101,'Dimanche-05',1400,40,180,9,0,5,0,400,40,181,9,0,5,0,230,,182,9,0,5,0
101,'Fête-1-01',1401,,27,9,0,5,0,400,,28,9,0,5,0,230,,29,9,0,5,0
101,'Samedi-05',1001,,183,9,0,5,0,400,,184,9,0,5,0,400,,185,9,0,5,0,500,,186,9,0,5,0
101,'Semaine-05',1029,,190,9,0,5,0,275,,191,9,0,5,0,241,,192,9,0,5,0,75,,193,9,0,5,0,35,,194,9,0,5,0,60,,187,9,,,0,19,,195,9,0,5,0,21,,196,9,,,0,59,,197,9,0,5,0,25,,198,9,,,0,65,,199,9,0,5,0,245,,200,9,0,5,0
101,'Semaine-06',1029,,317,9,0,5,0,275,,318,9,0,5,0,241,,319,9,0,5,0,75,,320,9,0,5,0,35,,321,9,0,5,0,60,,314,9,,,0,19,,322,9,0,5,0,21,,323,9,,,0,59,,324,9,0,5,0,25,,325,9,,,0,65,,326,9,0,5,0,245,,327,9,0,5,0
