100,4011320,1,0
100,4011310,2,0
100,4011300,3,0
100,4011290,4,0
100,4011280,5,0
100,4011270,6,0
100,4011260,7,0
100,4011250,8,0
100,4011240,9,0
100,4011230,10,0
100,4011220,11,0
100,4011210,12,0
100,4011200,13,0
100,4011190,14,0
100,4011180,15,0
100,1011170,16,0
100,1011160,17,0
100,1011150,18,1
101,3011150,1,0
101,3011160,2,0
101,3011170,3,0
101,2011180,4,0
101,2011190,5,0
101,2011200,6,0
101,2011210,7,0
101,2011220,8,0
101,2011230,9,0
101,2011240,10,0
101,2011250,11,0
101,2011260,12,0
101,2011270,13,0
101,2011280,14,0
101,2011290,15,0
101,2011300,16,0
101,2011310,17,0
101,2011320,18,1
200,3011130,1,0
200,3011120,2,0
200,3011110,3,0
200,3011100,4,0
200,4011090,5,0
200,4011080,6,0
200,4011060,7,0
200,4011050,8,0
200,4011040,9,0
200,4011030,10,0
200,4011020,11,0
200,4011010,12,1
201,2011010,1,0
201,2011020,2,0
201,2011030,3,0
201,2011040,4,0
201,2011050,5,0
201,2011060,6,0
201,2011080,7,0
201,2011090,8,0
201,1011100,9,0
201,1011110,10,0
201,1011120,11,0
201,1011130,12,1
300,3011490,1,0
300,2011480,2,0
300,2011470,3,0
300,2011460,4,0
300,2011450,5,0
300,2011440,6,0
300,4011010,7,1
301,2011010,1,0
301,4011440,2,0
301,4011450,3,0
301,4011460,4,0
301,4011470,5,0
301,4011480,6,0
301,1011490,7,1
400,3011430,1,0
400,3011410,2,0
400,4011400,3,0
400,3011390,4,0
400,3011380,5,0
400,3011375,6,0
400,3011365,7,0
400,4011360,8,0
400,3011355,9,0
400,4011350,10,0
400,1011170,11,0
400,1011160,12,0
400,1011150,13,1
401,3011150,1,0
401,3011160,2,0
401,3011170,3,0
401,2011350,4,0
401,1011355,5,0
401,2011360,6,0
401,1011365,7,0
401,1011375,8,0
401,1011380,9,0
401,1011390,10,0
401,2011400,11,0
401,1011410,12,0
401,1011430,13,1
500,1011540,1,0
500,1011530,2,0
500,1011520,3,0
500,1011510,4,0
500,1011500,5,0
500,1011170,6,0
500,1011160,7,0
500,1011150,8,1
501,3011150,1,0
501,3011160,2,0
501,3011170,3,0
501,3011500,4,0
501,3011510,5,0
501,3011520,6,0
501,3011530,7,0
501,3011540,8,1
600,3011650,1,0
600,3011640,2,0
600,3011630,3,0
600,3011610,4,0
600,3011600,5,0
600,3011590,6,0
600,3011580,7,0
600,3011570,8,0
600,3011560,9,0
600,3011550,10,0
600,4011030,11,0
600,4011020,12,0
600,4011010,13,1
601,2011010,1,0
601,2011020,2,0
601,2011030,3,0
601,1011550,4,0
601,1011560,5,0
601,1011570,6,0
601,1011580,7,0
601,1011590,8,0
601,1011600,9,0
601,1011610,10,0
601,1011630,11,0
601,1011640,12,0
601,1011650,13,1
